7.694141120321009719e-01 1.992303928998163109e-01 4.580588327938525661e-01 6.100733258685281379e-01 6.146359859164187388e-03 3.865300475110904910e-01 4.911660783781539585e-01 4.050148059257773769e-01 6.097211438562977898e-02 5.577169259752894348e-01 5.769089367117117284e-01 5.779003795100784435e-01 2.114333481248650837e-02
9.410893573524403699e-01 1.065631952269898430e-01 8.066614305124911732e-01 3.843954078981905442e-01 8.933345941706903881e-01 8.389866183018285239e-01 2.462745172583030717e-01 7.360733385000421958e-01 3.531080867104942067e-01 1.162624816723606576e-02 3.000049780249935613e-02 2.548563929651280757e-01 7.911402656590069693e-01
3.309638211677727870e-01 1.886636523080024164e-01 9.048621659731856948e-01 2.489026530088355449e-01 6.641852061378638039e-01 2.472084165186435312e-01 9.356498829371385773e-01 7.174295872963594167e-01 7.526644905282425801e-01 9.588701613676630098e-01 2.618075236692773977e-01 7.812612107226487579e-01 7.310033445955018694e-01
2.154384710687681503e-01 1.921735316377969904e-01 9.805695373124067027e-01 5.507382280167812949e-01 9.734385664866418431e-01 8.273696724231557331e-01 2.198276490445518205e-01 8.324594723993752332e-01 5.815521628422443134e-01 6.290169008232883441e-02 3.834482980155634602e-01 4.106365826662137786e-01 8.323034197231334863e-01
7.301933863600124086e-01 4.795683494413449099e-01 5.425232691495786019e-01 6.451365878903236872e-01 4.628140434495620625e-01 5.670524639048104554e-01 7.667895105473190309e-01 8.505638962667209091e-01 5.676364694518856169e-01 7.794044869672261955e-01 6.871193686248577848e-01 9.636375984991821797e-01 5.855019179101079302e-02
8.481537876670965925e-01 7.302983458171720121e-01 3.174159072531685388e-01 4.002522204610908796e-01 9.019427824800079208e-01 3.331745785246649771e-01 9.398361913610240315e-01 5.844781810645397480e-01 1.817556993828237377e-01 9.485339436445754391e-01 8.374296267664879112e-01 4.613567542221678752e-01 8.100367131696806222e-01
3.544454000234089630e-01 7.474573596313134338e-01 1.406852539292811344e-01 3.721581290585658786e-01 4.844120988438943565e-01 6.478481305777508137e-01 3.363893844532042567e-03 1.597503539249388038e-01 3.827837420400845292e-01 9.246989515735990484e-01 3.540608961805264410e-01 8.007996281336519084e-01 5.054757650589307705e-01
6.739196826129394413e-01 1.417417977381978389e-01 7.694184155382206569e-01 8.860445686547838706e-01 4.952335138260920422e-01 7.700305509686609096e-01 7.718027554521572631e-01 9.226721239943683761e-01 9.584792885692273723e-01 5.919787829516556243e-01 4.677298978744503510e-01 3.132397498000540903e-01 5.647918329419653327e-01
8.640937182645717085e-01 2.589505828960318445e-01 1.984186626017967608e-02 2.056764813362014777e-01 2.295889184934460370e-01 7.900901403734122974e-01 5.334806007266562622e-01 2.166372569006342064e-01 9.420735554596342265e-01 8.439564094553840823e-01 4.288277926603167312e-01 1.616390125008236867e-01 6.178443591451578953e-01
9.586857810469583407e-01 6.972930603645964842e-01 4.885819859570175172e-01 3.131552056544719131e-01 9.177383798602057885e-01 2.911938234803488346e-01 1.355339556041872812e-02 1.132188065666197702e-01 4.657473375754382361e-01 3.435284803156506417e-01 9.714979839527521088e-01 1.082908338412394283e-01 3.427386007191601802e-01
7.221956292044258152e-01 3.609917676226652161e-01 8.362678502796787594e-01 2.371116241316464923e-01 9.214597287805650905e-02 3.662702224712352517e-01 6.743368990026092913e-01 3.394375897557737609e-01 3.627773027471321021e-01 3.904128098684668258e-01 7.326179472751127575e-01 8.869207229896162170e-01 2.733482416495252032e-01
3.340489468107177840e-01 5.706935086875564167e-01 4.299870379060740100e-01 3.121039682736266585e-02 8.782841799755072287e-01 7.576717537155462923e-01 9.305250479629115778e-01 8.930873810801108759e-01 1.663652480216541163e-01 5.756089917082640728e-01 2.004579855260454624e-01 6.750014608895632540e-01 1.767045071359763242e-01
3.738922683876658160e-01 7.606161286789886455e-01 7.926050736286531784e-01 4.645029618763688584e-01 1.324108909840451473e-02 3.483846051696535828e-01 5.944798507072932559e-01 3.223633067475724090e-01 9.553700583770093069e-03 4.540907366584416849e-01 1.411621791800743431e-02 8.882959397598821916e-01 6.489364290167229932e-01
8.796230217070877266e-01 7.227187039624263232e-01 8.982548235929397329e-01 9.112791718964712018e-02 6.969886451405642447e-01 1.439733778147269661e-01 7.359384973849284473e-01 4.480923548993754474e-02 7.894767383418777040e-01 7.969109224597975549e-01 1.806598788419273294e-01 2.815832355654044883e-01 4.373665859064324590e-01
3.937534632462808548e-01 3.344218996100316033e-01 1.704302083153646508e-01 5.291010777848736968e-01 1.174683156982117699e-01 1.385399281325540022e-01 9.494299731943381948e-01 5.209675901514537744e-01 9.486193394506120535e-01 3.554267590975157542e-01 6.983038221624688902e-01 7.425587932320384388e-01 1.453517246641049809e-01
4.305449067819002162e-01 4.411949549002114335e-01 2.377387365664167529e-01 4.714768789544702965e-02 1.847779351758032373e-01 7.991714735107121603e-01 9.782485765217797669e-01 2.880419597984861801e-01 4.973228354069006429e-02 4.572923519472172349e-01 4.396420917426780983e-01 7.959259892564545247e-01 1.140994788635248114e-01
5.961780517502460741e-01 7.493885823186352546e-01 2.044081931182207268e-01 8.644878833604009438e-01 9.832762323534556259e-01 9.313681944154901249e-01 4.672335463737202210e-01 4.866526547032314354e-01 9.602425768929294669e-01 7.200544478856065744e-01 2.064430703109720877e-01 6.432619351104482686e-01 9.244878603665673822e-02
1.286863704864685543e-01 7.194925618478733576e-01 8.565757639033623194e-01 8.400683747389181555e-02 4.544611935594004559e-01 5.531418540872832246e-01 7.207333804234214436e-02 1.779677569079819999e-01 9.360876368444557283e-01 6.880189928528233079e-01 1.658230721408093106e-02 8.774575669448467785e-01 2.478185081612722662e-01
1.075857339821823799e-01 5.608630971344090721e-01 8.091052201433454050e-01 8.000190072625267268e-01 4.968627995532756692e-01 8.553501100426688097e-01 7.856581739175583223e-01 8.387568528158488856e-01 3.596641429686225910e-01 3.987149786644623162e-01 4.344329120362347418e-01 4.722842182001202871e-01 2.671782264290701869e-01
1.708915020672134855e-01 7.081878142910331686e-01 7.854189706523342362e-01 1.922157564396748120e-01 2.064386980956330886e-01 1.760804054914691941e-01 3.635172011407757919e-01 3.402729820455993037e-01 4.462093988600314698e-01 4.491717161471648900e-01 4.756663126664596453e-01 3.101830619287664903e-01 7.207395022689707664e-01
5.611278161077476456e-01 1.576772251201795649e-01 6.730246272810574970e-01 7.726764558680382367e-01 1.656305465332844062e-01 8.102380720317277074e-01 9.700668991577944267e-01 5.688697566672233918e-01 6.210747852759845866e-01 4.281316343619634979e-01 8.975617561465546457e-01 1.702050338097806370e-01 1.896906498594221890e-01
5.065836213303620550e-01 2.619632736117112337e-01 6.034622843935298908e-01 3.527774527016569461e-01 3.308214785253827395e-01 9.148481752739555661e-01 8.678629723657798056e-01 5.839008247485589775e-01 4.827936616756788868e-01 1.731534150526431171e-01 6.054213601563089853e-01 7.574129801782716331e-01 4.697382683156834382e-01
4.380417510507727541e-01 8.190778729659722313e-01 7.375819051158539752e-01 3.463194770151806906e-02 9.825831089555714382e-02 1.043387158058518421e-01 2.017156750586493116e-02 6.045763222160701611e-01 2.968868832919434597e-01 1.107324469724386279e-01 4.473269499551102979e-01 8.392604723850891624e-01 9.385275334789467960e-01
9.165574888820113841e-01 3.944651682411963178e-01 2.525907436483847968e-01 9.605792534613616374e-02 9.235650367913290637e-01 2.654222266898724758e-01 8.828291359367081981e-01 7.824183795838137723e-01 6.272273806909628435e-01 6.030897475005584374e-01 4.237008904804505094e-01 6.996235912742273522e-01 5.747779976488679443e-01
5.450430885473280807e-01 4.447242838915303476e-01 3.039999858615149431e-01 6.149280642617421799e-02 8.707532313236613364e-01 1.854809102930492226e-01 8.872390190854627656e-01 2.435105364013039064e-01 5.490963856707968826e-01 1.692333512952970132e-01 4.795729696476720427e-01 4.297558036079111021e-01 7.824207539651891752e-01
7.340792493631210780e-01 1.659207778153322932e-01 9.011328681280912356e-01 5.185385643261322119e-01 6.610388554144419615e-01 3.984650452079052108e-01 3.798164114557476823e-01 5.794720239468492684e-01 8.689314814589832459e-02 2.205962178835036702e-01 8.688164386780828918e-01 2.282118899174172266e-01 2.584807935298031878e-01
3.467946579748371616e-01 8.701536675541929888e-01 6.988089755255845192e-01 3.257550644596189371e-01 8.345544963259171611e-01 9.930966019404934286e-01 9.548026253952093256e-01 5.995071194317659335e-01 3.270227539643069115e-01 1.664241447713614985e-01 9.820247391489492772e-01 5.527587902327940617e-01 6.866635129463881659e-01
4.205559848919354082e-01 2.482608966201381717e-01 2.174342419735559306e-01 2.612576192451891433e-01 8.873524564560614225e-01 4.497515580962137549e-01 9.602383258354366680e-01 9.410989816941061070e-01 8.862716137356414503e-01 9.985428366428180658e-01 6.651458930972009576e-01 2.628461086358738208e-01 3.652720843834282860e-01
7.053345647527261564e-01 4.043196700035769364e-01 8.831203714023229123e-01 2.283878381019587289e-01 7.218403435844009675e-01 9.431546408896784861e-01 7.948892850907470775e-01 5.420191690897796510e-01 5.240531138451325344e-01 7.411566049914530829e-02 4.989681244435660856e-01 7.670801140892771208e-01 4.302201611582049945e-01
7.521285503695972485e-01 6.399362828149339766e-01 7.055766498967150913e-01 4.823965368345082827e-01 1.589919622951588563e-01 6.273242827726631665e-01 5.797161217689487112e-01 7.095168086530341256e-01 6.915452680265614660e-01 6.637088810010635109e-01 2.139629451680749583e-01 7.991151061917426413e-01 7.381448711277639463e-01
8.011675883446780499e-01 9.724411555197643997e-01 4.478815745017520888e-01 4.369207470373862034e-02 1.082617625112461957e-01 5.725341187871321180e-01 8.904879824103028030e-01 8.035061712592597161e-01 6.832979480370630077e-01 8.049056759334258793e-01 3.204438124158347501e-01 6.098805883867368660e-01 8.491079052952671402e-01
9.785652813095423452e-01 2.102241705499419827e-02 5.096101711860580308e-02 7.938686154291785257e-02 7.486610265920408125e-01 3.705711083855566801e-01 7.158176131909437245e-01 9.064256844487648124e-01 4.098229507179165787e-01 5.184368416739337793e-01 1.250782492151021330e-01 6.843707300764937385e-01 7.034839196889767221e-01
2.511585738547245095e-02 5.349600543879273751e-01 6.342727725980421560e-01 6.828567542129398982e-01 3.391831505327737584e-01 2.821651119609948355e-02 8.709949524677106369e-01 8.705954475031307815e-01 4.890400637664903405e-01 4.926602630551001061e-02 2.888954952245584296e-01 8.193462960676727025e-02 7.753390840222234015e-01
6.613135656917211724e-01 9.584566995764978170e-01 2.033799935336388642e-01 9.780232054918323037e-01 6.290036245666862369e-01 8.966289532969632381e-01 9.149379921138030003e-01 3.320133536380215911e-01 4.508915222001715351e-01 2.819127257284465005e-01 7.530970023700066518e-01 5.988769785673899726e-01 1.215623125480412917e-02
9.036700553063541363e-01 5.207367797778601481e-01 5.681018428146443755e-01 7.336955164636764781e-01 7.256398194464946938e-01 4.682455942367057256e-02 3.711556336295593339e-01 8.838994133156097277e-01 3.479931193476791806e-01 5.855863114827742910e-01 1.688551589228369787e-01 9.242489048221378400e-01 2.210335349365756819e-01
1.353600318919442325e-01 1.676308634812334478e-03 8.697553727509158561e-01 6.417521461058792731e-01 8.239622920562571506e-01 9.649862752946157807e-01 6.039292285145397843e-01 8.608670729567033941e-01 5.075223653915419408e-01 3.166744090826948410e-01 8.481160541740327963e-01 4.005547488588444560e-01 1.026638444526072752e-01
9.301035861626101298e-01 2.739706546578007385e-01 6.903798313395764774e-01 7.688596786929919880e-01 1.469836304378511760e-01 6.956791935143450401e-01 3.558574262535761368e-01 6.428347010194740418e-01 3.936226752983392196e-01 2.698386773416292517e-01 4.054064919438500891e-01 8.516055164470681671e-01 9.251141803948190745e-01
9.931825540544785280e-01 5.103832670956093276e-01 4.118255679502916267e-01 6.363191888086791037e-01 8.569560844836264790e-01 3.254610199664649817e-01 1.139055768496090304e-01 4.404871559023428862e-01 3.709947511534072428e-01 9.321826607097624118e-01 7.881259253773923446e-01 9.357781318045687025e-01 4.913158438512260084e-01
1.132554865640683778e-01 3.694234323989820656e-01 9.494772048753548077e-01 7.513542235011685944e-02 1.319551341125932975e-01 4.573101838301735778e-01 6.579914388500697209e-01 7.557547837069743535e-01 1.532840200261591235e-01 3.732019208586457859e-01 6.144212865717552097e-01 2.773712931695115902e-01 4.935231010022991249e-01
1.678185547372085251e-01 5.654158536521861622e-01 5.620926478717164221e-01 9.053440974104177696e-01 8.470878408903869117e-01 3.832130617069047507e-02 1.237354676286116228e-01 6.885747187028704586e-01 7.306885724136419347e-01 1.623399666115681594e-01 9.610695345854786131e-01 2.366402535732846368e-02 2.019444683996036161e-01
8.925645462673151842e-01 2.786320073065447489e-01 7.740474247363166027e-02 3.014392745693461606e-01 4.024656514109908184e-02 3.111501692975637279e-01 4.631439783317602976e-01 9.771538544646829472e-01 4.955172162036829975e-01 8.544943728054690268e-01 4.108172275635851856e-01 4.423285495388389887e-01 7.953668282063557360e-01
8.086622271010790453e-01 1.763278381462684286e-01 9.470418555149698880e-01 4.243858068155106911e-01 4.032339375926472513e-01 1.617777239328486438e-01 4.178760281368742446e-01 9.493358951154905467e-01 3.298801986110311280e-01 4.200178856314080722e-01 2.301359906305486536e-01 4.645467888999928463e-01 6.445954007904147742e-01
4.008530445374092199e-01 3.518440499468295513e-01 2.232466868437533170e-01 7.085646407900701715e-02 1.231782681364597398e-01 2.755812684934840773e-01 3.101542311887547573e-02 8.361029507300453412e-02 7.684027420213559445e-01 9.687834186747692478e-01 4.873151049578070548e-01 1.569302125535863568e-01 5.398998189804897763e-01
2.078408230905476328e-01 5.002049764749382232e-01 8.215896517912787411e-01 9.127147457479516390e-01 2.730309655806806290e-01 1.880710386328530437e-01 5.213900053010593894e-01 8.727572688651914490e-01 6.321984837340325347e-01 2.560948060989617914e-01 7.845599226318701602e-02 4.599347164099457652e-01 3.790011097505547322e-01
1.206631414850160566e-01 4.564873225393951128e-01 7.323802762198252658e-01 6.646008422040091679e-01 6.487644681680094783e-01 3.374111819204996254e-01 2.339977545196843811e-01 8.651137780679980516e-01 4.270720913213110759e-02 1.268799657537080516e-01 7.189605438035147171e-03 2.501113851150089107e-01 2.430460061628222923e-01
7.401000205944681110e-01 5.059417285380920504e-01 3.273188716036636303e-01 2.710304502524495396e-01 4.083528290859659293e-01 5.159481989401768498e-01 8.099428898979006697e-02 4.693323775869743808e-01 7.561382614654131862e-01 2.136326900753843516e-01 7.579610427980976173e-01 5.675231571033909628e-01 6.049484406262541913e-01
4.934043464765422438e-01 4.696184903817959833e-01 7.974012873792533096e-01 9.260540537780533876e-01 7.171980567642166626e-01 1.469529641325409974e-01 8.238877101696553407e-01 7.598774255700780911e-01 2.128341061300198234e-01 2.559277341098389891e-01 5.602261358824368598e-01 3.387075900099224546e-01 7.547044443303930761e-01
2.176764948483759510e-01 1.466510727298009076e-01 3.255087012864950249e-03 6.306692060340493011e-01 5.421544334902543838e-01 2.633665160636124991e-01 2.514291948633788354e-01 3.583019733839422072e-01 6.097962985655970281e-01 3.370367621737256902e-01 3.444249905354463404e-01 8.045120910477602250e-01 7.662854111091353948e-01
7.515413913990793837e-01 3.415823256789230489e-01 9.894746719896274634e-01 8.206032364735235118e-01 6.355021719127990076e-01 7.324981508893342319e-01 7.624174523426460182e-01 9.524348353182655602e-01 9.837628124064966562e-01 5.974321589483513328e-01 3.565462299930931278e-02 7.517251002357577816e-01 5.002677616446726816e-01
1.500349829721303596e-01 7.670442054317865299e-01 9.310628274941284976e-01 9.707496385792082627e-01 4.892805575587821920e-01 2.486603250116837249e-01 1.973903168367133892e-02 2.493890730251469290e-01 9.643175215470898287e-01 5.268815851201279488e-01 8.844068046828521545e-01 5.050800907280802443e-01 5.797510503009312144e-01
2.644775016849250648e-01 3.908612656195964430e-01 3.311454434169183170e-01 1.062072736711326404e-01 5.661560786278376778e-01 5.105429601743608492e-01 8.241977319035094229e-01 8.447733136031523316e-01 6.395107287649738348e-01 7.923729662524650053e-01 2.225484295837719673e-01 6.886035727792343408e-01 7.129345699235408729e-01
6.472063065675257576e-01 7.301142325978292325e-02 2.833609545851512035e-01 1.027225010460520171e-01 4.706977388493643888e-01 9.854026826975060827e-01 8.545439731175894504e-01 4.274421315755800865e-01 8.151291367712246716e-01 8.488297964007639473e-01 7.721984729899882272e-01 5.887050856046553982e-01 9.842322757206346528e-01
5.916123134995539962e-02 4.874162052926395844e-02 3.661609451146786154e-01 6.165564824179800008e-01 5.159956200992006359e-01 6.773208641062576918e-01 7.288097716652326419e-01 2.578045723862395500e-01 5.547863867311944031e-01 3.012716887582091996e-01 4.510508169567918613e-02 1.900730811271825194e-01 2.774860254673905957e-01
5.830403205730356753e-01 8.861170803043552646e-02 1.880766692766727699e-01 5.065577617868651794e-01 1.082973400855468532e-02 6.882245682667381681e-01 7.965220503180833189e-01 2.759630708555290135e-01 4.742628616725743651e-01 4.850603186637478248e-01 2.799041350036003406e-01 3.073451822953015555e-01 5.810541000723512539e-01
8.847602794519262570e-01 8.524037022171352396e-01 4.489885615280591047e-01 4.107988983603125255e-01 5.951841821318054615e-02 8.353004769550468334e-01 3.519296648579248177e-01 8.990674265471261251e-01 7.767060114919310809e-01 9.085213692480372805e-01 9.457498337067721250e-01 3.285045049328240707e-01 4.852559924826450044e-01
8.149509499142659763e-01 8.825718216203699562e-01 6.556009053805863518e-01 2.038108479020027675e-01 8.409430090761467191e-01 9.890310396853070340e-01 4.038493974920978613e-02 6.566374107223902357e-01 6.990470608089780491e-01 8.138941436166696741e-01 4.809873022509492668e-01 6.194608698562179550e-01 3.927286233518192393e-01
8.290632047625474677e-01 6.234833318832146976e-01 3.937056866821795342e-01 5.905834754943314335e-01 6.706061986270595021e-01 3.817870795973331566e-01 3.290941798774211224e-01 6.022533735390811493e-01 6.750976640283479213e-02 5.328110088677302514e-01 7.182933018652996882e-02 5.696640878127972041e-01 9.571121711061548742e-01
7.381361358623825808e-01 7.712580614802019285e-01 9.418873033819998852e-01 3.482445035396538047e-01 3.465871150296233605e-01 5.561973205885508559e-02 9.060060814571375687e-01 4.809721000575458150e-01 9.089104836785202313e-01 7.194783802234543113e-02 2.360323851994425293e-02 9.755624454670780432e-01 1.083119521641660032e-01
2.612433319347807203e-01 8.964922878088056324e-01 4.823700830403087614e-01 8.281306368315798361e-01 7.944686743334484769e-01 1.507816365905841061e-02 3.022940622504334818e-01 2.214555416657773279e-01 7.604756809995247835e-01 4.429503084409610048e-01 2.405615299144233943e-01 4.192248612289685150e-01 6.116263843498883634e-01
1.969353626404940216e-01 6.267957304395372908e-01 7.757063618007885575e-01 8.575694469650212426e-01 6.693965260745152190e-02 8.803375080899182858e-01 2.618330343884155975e-01 9.974025007508419138e-01 1.563484928598924129e-01 9.031387168847989644e-01 2.581754948119364679e-01 5.600082633277081445e-01 3.002299356294604316e-01
4.855975821047895380e-01 8.513646450321248338e-01 3.431081853486359079e-01 8.392007328051379611e-01 8.953409787176483392e-02 9.332982548623149910e-01 4.817962627509044804e-01 8.551824647347586184e-02 3.903205621116652424e-02 9.544695907336476770e-01 1.290167001323702101e-01 8.217088275037105483e-01 8.907606973801167616e-01
1.469102083708732388e-02 4.839225437052823708e-01 6.799307656924866716e-01 9.967086073521312928e-01 1.555944140477501514e-01 5.629923649830900212e-01 7.171434806362194658e-01 4.617054892924447040e-01 9.818576682358320928e-02 6.837036675370217198e-01 5.524772993422031320e-01 2.185990361437597229e-01 7.081215475059633446e-01
6.272715104944803777e-01 2.650380853606872367e-01 3.883148748061061861e-02 9.497376169924963696e-01 7.155067005327628848e-01 2.765364695223023195e-01 9.939117022288347369e-01 3.573431116851642775e-02 3.900429542542388495e-01 3.045070986376978150e-01 6.311507511172784746e-01 5.126323850953811156e-01 1.245662311055638211e-01
9.700621678391604386e-01 8.659218008654513410e-01 6.067482939877972825e-01 1.419643736657851263e-01 2.145951722963053976e-01 2.174543090469139572e-01 1.853312967627998298e-01 2.961909753151540925e-01 1.863811710066397287e-01 7.178214544159413624e-01 9.645148176036272281e-01 3.793498527737420578e-01 1.628005094250654580e-02
8.741372164592678962e-01 3.213007588798744152e-01 7.253798324480509319e-02 6.142695672313339683e-01 9.781711867266171812e-01 2.298225142181662406e-01 3.813851417029689994e-01 6.339455432230629850e-02 1.055963924396525061e-01 5.044225902753624036e-01 6.157830021992721087e-02 9.098734767324252459e-01 8.404623329604049564e-01
3.163326490366925037e-01 5.945430133489009172e-01 3.962455624107795171e-01 7.246178460059898851e-01 8.745860468443185098e-01 4.883644224330601635e-01 6.093065898511698109e-01 5.554460873008572053e-01 1.915288998203610871e-01 4.931721894477810175e-01 3.717808669136352662e-01 4.267952955706991180e-01 5.416794005501234244e-01
5.249854234592030711e-01 4.355597604945025680e-01 8.318942799818658251e-01 4.639686899674461129e-01 4.296140527831932010e-01 7.235836226734813081e-01 5.259185454313075603e-01 5.067823566467738461e-02 1.751613622385065072e-01 1.820467404396818034e-02 6.186526351035536164e-01 1.367173891469566915e-01 3.711175568350594811e-01
8.200433374985072188e-01 9.458647678678341331e-01 2.507060124102415966e-01 8.600918285600432922e-01 4.517151070980595096e-01 5.693491557349128485e-01 9.451378929394269601e-01 8.779521476892607756e-01 2.314781498755252021e-01 5.939037821905682746e-01 9.797025280633953059e-01 7.577130258833655874e-02 5.936272914898863551e-01
8.666241684772167664e-02 6.416242401993046407e-01 6.310438792768436889e-01 3.585800724136263828e-01 9.444676621834235952e-01 4.002099511432821166e-01 5.590205024103609421e-01 4.798737942111448995e-01 3.009254832368720711e-01 8.296298340743045729e-01 1.650116570519874759e-01 9.669434050941794201e-02 3.855463243257236106e-01
4.565695381149451060e-01 8.572238649904159180e-01 2.759466356119395503e-01 2.747221792716058597e-01 7.858167329155771874e-01 7.749836323459567966e-01 6.714877927197817620e-01 1.064356713869286652e-01 2.786003289294029517e-01 2.171310526858246104e-01 6.689801152927724592e-01 7.031912208040402845e-01 1.970975264164081808e-01
9.525432389448531545e-01 8.424571207638217318e-01 9.382475972835130351e-01 2.420350644109844906e-01 2.795130015110386390e-01 8.069688740478316857e-01 2.106193802615455857e-01 6.393867803680867157e-01 1.096399084479901809e-01 5.120355551481331480e-01 5.386419005057970777e-01 2.914580281565303799e-01 9.345496122586365306e-01
6.044261202926990428e-01 9.618721975590118767e-01 3.701084872979021334e-01 8.212239722039731127e-02 8.254974031407001644e-02 1.195610156951445180e-01 6.865272823755692866e-02 6.612665177521397375e-01 7.229793736356328049e-01 6.179872270419132230e-01 5.087028178788163268e-01 4.957711888975703252e-01 5.466855528014955556e-01
2.388065246583103152e-01 5.284666205218382373e-01 3.609719466686655553e-01 9.326013359053126894e-01 2.017515455429488569e-01 2.135389744161857450e-01 1.310967503639337839e-01 6.972927836903430876e-01 7.449593766904278880e-01 8.901571963318184733e-02 7.803371879838041369e-01 5.015673661397301863e-01 5.846921199826244919e-01
4.118489635933211129e-02 3.199741384824430490e-01 9.239627093433102623e-01 7.945370968683670432e-01 7.746041196367263737e-01 9.275955435861247267e-01 4.117970697843834627e-01 1.607852022526512770e-01 7.270301975382887916e-01 9.893521233361638467e-01 6.339738421128724433e-01 9.296480138514887082e-02 8.524095526228657738e-01
7.725023589089943798e-02 7.819872897677944135e-01 8.640430969152730623e-02 7.911747542299770730e-01 9.040016437472111477e-01 8.218795949706281245e-01 2.964411804673709461e-01 2.443394246708981421e-01 8.678613296701609414e-01 8.183481850898784993e-01 4.155623710116164160e-01 4.409026534265019642e-02 5.904866467418385945e-01
9.910710508314638512e-01 4.977388930909954490e-01 9.185720748698967819e-01 7.367224628548557641e-01 6.443169275464929457e-01 8.939794491897680162e-01 4.204277511969514713e-01 2.107838658236977636e-01 1.382658508125782226e-01 7.027325118720324504e-01 5.129948464099839261e-02 9.398959783130174106e-01 8.389248888634309731e-01
7.012970481936141587e-01 2.309398085653333044e-01 1.245681577619627001e-01 8.799035239407415609e-01 4.048680778298011096e-01 4.249087693639231333e-01 4.842109425582821758e-01 5.324351634817999779e-01 2.933141503437919351e-01 3.807557617232609770e-01 6.828595909481584014e-01 9.042417002819120864e-01 9.942996335200754432e-01
4.806670739296308587e-02 5.180233475690518841e-01 1.357820276758175682e-01 7.435317867695419025e-01 3.796187525475391844e-01 4.816436184767515782e-01 2.914132949134669581e-01 5.089483826092552343e-01 5.108369191962320865e-01 3.481161305200003702e-03 4.518212955413585252e-01 3.430901498079262368e-01 8.775790302332965309e-01
5.361032795361353465e-01 6.619326691034015386e-01 7.305246709193686794e-01 6.598634483731018463e-01 5.361658927131123242e-01 4.678511477492655057e-01 6.167770398875277449e-01 3.903172203669433293e-01 6.162366767688579605e-01 8.245057564754333379e-01 6.509917493208386974e-01 6.568491141265772049e-01 3.879185191321084247e-02
2.288268738676660918e-01 2.159866661941656218e-01 2.844978169100699783e-01 2.552683287139043689e-01 1.613756643443587102e-01 5.773744143044620136e-01 6.229943946099669727e-01 7.756133894746753965e-01 3.153928166186680260e-01 1.946100833691979115e-01 8.178045645434465216e-01 1.034883497909862143e-01 4.050161358985475690e-01
4.631619322521273729e-01 7.406175607784268866e-01 9.735304283339343279e-01 5.783735581410470727e-01 9.670639298364579473e-01 6.415857290477304173e-03 7.479882428546190676e-01 6.735374117588897036e-01 4.776552526799868886e-02 7.663262779028390259e-01 7.411255735670242428e-01 4.545027933171296164e-01 4.992663380640982584e-01
5.731631328060537989e-01 8.733366709053413945e-01 3.498714706227886162e-01 6.513715935652285571e-01 3.255134158760069618e-01 7.104211430775022595e-01 2.582828979928809554e-01 1.299632368508996105e-01 2.042623235025823603e-01 3.459508650383311679e-01 7.623229719884786482e-01 1.748735957754304349e-01 3.080286747713952833e-01
6.007231356108011511e-01 4.512705871048609541e-01 2.934499779418474064e-01 4.201001218107969226e-01 8.645336884490294471e-01 1.314410240342052116e-01 8.596058818006443447e-01 2.626930888451377982e-02 5.584481307424932206e-01 4.832983833706069321e-01 9.289444104243664846e-01 6.761507397897331684e-01 9.055788721766026006e-01
5.363189401066441320e-03 1.551143433190431964e-01 1.463648637043718850e-02 5.372408400862928313e-03 9.553079281603548134e-01 3.622511051375379987e-01 5.701684716275338127e-01 4.011748323216360879e-01 8.329540057693856081e-01 7.490841238987564488e-01 6.577485723583506028e-01 8.467312852167284687e-01 9.909530780990989385e-01
8.479761480599755652e-01 3.844158391269996561e-02 3.749545832912873355e-01 5.387984617660045439e-01 1.684777153221060642e-01 6.019911214542613687e-01 1.539590726342617011e-01 7.769899777457632828e-01 9.123479814958892486e-01 2.993578607681637860e-02 9.262306367276105235e-01 8.801230331854811295e-01 9.538350600873582996e-01
4.835966834931929581e-01 5.525839080746053344e-01 4.359911650153333595e-01 5.643862329623854091e-02 2.835103216398175974e-01 5.964470464244069348e-01 8.600321399284240886e-01 8.111944016889053310e-01 6.480386601060920126e-01 6.848301195123065455e-01 8.472065530338087624e-01 9.495395561903064996e-01 7.188174523099583046e-01
7.906046733155664974e-01 5.812392699259045364e-02 4.706767882528830049e-01 2.915382142683492495e-01 6.585054650154876787e-01 2.337487715840410873e-01 9.239289420562237787e-01 7.896820955447945989e-02 3.759206640270498223e-01 2.349807889585641685e-01 1.229490630731946560e-01 7.630098100082270962e-01 4.776607969452442704e-01
7.652893508767234509e-01 2.690152033251266839e-01 6.618639991571335646e-01 3.426491357206584154e-01 4.596900219480185568e-01 2.861935993861032257e-01 5.834339051027840339e-01 6.765328077594471301e-01 1.132833736220922594e-01 4.735294741379585393e-01 5.511941397351927119e-01 3.935293884502636952e-01 9.128002031872156641e-02
5.522786944373533347e-01 5.251438360888945889e-01 4.438450224148427631e-02 3.022524866466329632e-03 4.260573508622832462e-01 2.689068280284889756e-01 2.126316992881033541e-01 9.643288213341286719e-01 9.189956230651380453e-02 3.303434778111958847e-01 7.699246523438239009e-01 6.291519692761202154e-02 1.559306896750807525e-01
9.624738355349181651e-01 9.900506765595571412e-01 7.198644691459801237e-01 7.055166411692838091e-01 7.654069599548213310e-01 8.611102601936133638e-01 1.424847324368429258e-01 5.732026472296475328e-01 1.711595595379195034e-02 2.050253760443514206e-01 9.113327358939012912e-01 2.022530759952043122e-01 6.287654109839324601e-01
9.134848576569486456e-01 3.993778318455285525e-01 4.388695994232847397e-01 7.001332980467054323e-01 3.006163884113399187e-01 9.508189016499970017e-03 5.630825014210352197e-01 4.511646984820980588e-01 1.020723354030252522e-01 1.157027490712207035e-01 8.318353583878473900e-01 3.822866364836768893e-01 3.349809957295643015e-01
3.640906540949156197e-04 5.381715763351742066e-01 7.904397308057878879e-01 9.477785756065267853e-01 3.543720557161734730e-01 6.074894661826996112e-01 2.361514760449873462e-01 9.178506831891823925e-01 1.783285713231720984e-03 3.623796643725130662e-01 7.481242179031933892e-01 8.576435691782945403e-01 1.644035614501769826e-01
5.762116645381351043e-01 8.856304925661172556e-01 4.875210240710161624e-01 5.030763338726520484e-01 3.742356612844396357e-01 3.274861617453712903e-02 6.510930674698278686e-01 4.111493222018867688e-01 6.284484106315307850e-01 7.954255109683368297e-02 9.036868311087636885e-01 1.922600214338256452e-01 5.157594846199657912e-01
2.905178147394890664e-01 1.356788681715458689e-01 8.244451226420411727e-01 4.328574226162670291e-01 5.502126551054775661e-02 4.956384461203119374e-01 7.021208903685456360e-01 4.945262790292036525e-01 2.348560040298671991e-01 2.972359684841635041e-01 8.343026370106554346e-01 5.095773993851695494e-01 1.176088428453894719e-01
3.083248973650380420e-01 4.554873370395206567e-01 8.847469377441399274e-01 1.318155469558803528e-01 9.297987145807449227e-01 8.988001689498931190e-02 3.250125484383459273e-01 9.009321527207519997e-01 2.721943638851897496e-01 6.298208345621364446e-01 5.595345977010826033e-01 2.435283887894795496e-01 6.680735341322175946e-01
6.795499471736680952e-02 3.024042607374816671e-01 9.261634404275854715e-01 6.703804783185848271e-01 2.119881572371118961e-01 6.736799281123316829e-01 4.756044372264529863e-02 4.281578275187096772e-01 6.684508593929442410e-01 6.749099608641187520e-02 7.334237727637235582e-02 7.687434644799128192e-01 4.416231581836147502e-01
5.234466467735203743e-01 7.545757542120574701e-01 2.466652170769044819e-02 3.780010194579299099e-01 9.895700392814631430e-01 7.281829030640955824e-02 1.926562702438660291e-01 3.124732037567772847e-01 9.778397334070068059e-01 5.474239500992947871e-01 8.019539433942624029e-01 6.460017799991072396e-01 4.188240883723559627e-01
5.517693384983615168e-01 1.361862954160185102e-01 7.136537727534153497e-01 9.224990760616569307e-01 7.430459329062980012e-02 6.715213438977634119e-01 9.191090154305309179e-01 6.340227852346920212e-01 7.649531615643355709e-01 3.780472956121729844e-01 7.474346451838345118e-01 6.607756829088833328e-01 2.086407546521450995e-01
6.556273978250966028e-01 5.388987323093126502e-03 9.341087594290118368e-01 6.042220330678204077e-01 6.766877210318847924e-01 6.637991970392489449e-01 3.219421698287039391e-01 9.946890194785222850e-01 7.432592958147390405e-01 4.147191136372434528e-01 6.362144740311292956e-01 5.829887346388944458e-01 1.864895563204077567e-01
5.950901230808697262e-01 5.126093619000041679e-01 1.017401774153907368e-02 9.627059480519312151e-01 9.384353503211572134e-01 4.317450008406832351e-01 6.643609497722823276e-01 7.026840716558047095e-01 8.470928676371374255e-01 3.153778494217308048e-01 1.473988929516369117e-01 6.147678011711728008e-01 2.294407008504639189e-01
3.996167206012414819e-01 3.755451781248854148e-01 9.523596351486129929e-01 6.341018558705074915e-01 1.801071583938438636e-01 5.442244494455626969e-01 8.732998561501985613e-01 1.970143456575836616e-01 8.709153876963050545e-01 5.703857127954212736e-01 8.769296704709588219e-01 7.173404379054746371e-01 9.191136902652743412e-01
3.691150541397879986e-02 3.246377382863196437e-01 4.163224366678895672e-02 3.215430577378569632e-01 5.883008081785798815e-01 9.535213057362798006e-01 5.846655927372723660e-01 9.914490676158954630e-01 5.477053195416641262e-01 5.832065396988470596e-01 2.336053663898380872e-01 6.536114525398951658e-01 1.063390903601427184e-02
3.652479961315971968e-01 7.120537644039207636e-01 1.192155093445329966e-01 8.693465723911899534e-01 8.065423994403164709e-01 8.515504333655884439e-01 4.715812837060541218e-01 2.333944793562348352e-01 1.436084458623795024e-01 7.550823952578249454e-01 5.153245072347660827e-01 5.495364441918896281e-01 9.452592135803553619e-01
9.743766471549237806e-01 9.548741922934687043e-01 5.492192822686582376e-01 1.738398219729928029e-01 5.596275765756413278e-01 4.230565527667095593e-01 1.975038454942598942e-01 2.158736065070857579e-01 3.784663196935473262e-01 1.840167431599141479e-01 1.639140444060069313e-01 3.636635274240618831e-01 8.245390800424183819e-01
4.428037091561994321e-01 6.070713381348895599e-01 2.899982695780146114e-01 8.740358755983327343e-01 6.045470295012659312e-01 6.435244616675203089e-01 1.075081769294310707e-01 7.609432853839023236e-01 4.379769643690002434e-01 8.603523225320953705e-01 7.116951535575197774e-01 7.756900274422938724e-01 2.354998674091924871e-01
4.747857736268065176e-01 4.924967225547213223e-01 3.474533343100055238e-01 4.870098054746789806e-01 2.851092218246750742e-01 3.581599985231327388e-01 4.477000302585129599e-01 4.322922573809275665e-02 4.599552998496629908e-01 5.792727620080933004e-01 6.939488461063729741e-01 4.062201328531850897e-01 9.216882530679838537e-01
6.203559677889964874e-01 6.764678158237484862e-01 8.070176386606087160e-02 9.084543882153544025e-01 4.676454932117853902e-01 4.190820228869616276e-02 4.280571927993541692e-01 3.645248696017783230e-02 3.978585320202162046e-01 9.857152712787174975e-01 7.051805673400338703e-01 3.477897732831731759e-01 9.010828658382482592e-01
5.878276773332220539e-01 5.813785344549841083e-01 4.267112313649060185e-01 3.993831235056998219e-01 3.977162059635517832e-01 6.021614916246399718e-02 1.329944512725667882e-01 3.946444497715365790e-03 5.875469286112509071e-01 5.508691658032924265e-02 1.934323160195408099e-03 6.386702638578961588e-01 8.652432784158855528e-01
8.386081984685477275e-01 9.487580858916703219e-01 4.998999290456056510e-01 4.419744206958872712e-01 7.786702049973610595e-01 8.437344494162499764e-01 6.760922849677261093e-01 7.454649939407695936e-01 6.065894167502738910e-01 9.620372320006879141e-01 2.985482054000040963e-01 9.837083173255667390e-01 4.726351577800282922e-01
2.333176242675677817e-02 9.153109338229974412e-01 7.105609703903571495e-01 3.688783077092261942e-01 3.089030413457358182e-01 5.886818035187768583e-01 6.874017074378152570e-01 6.198652062886600422e-01 2.218785974996421717e-01 3.284032448907793500e-02 8.112349819959188135e-01 3.216583793784146827e-01 8.046156456013535685e-01
7.979310726182998748e-01 7.900859409007693346e-01 2.260956524001416779e-01 8.837253983518253975e-01 5.686269793668479178e-01 3.944502224669885759e-01 7.385947111575243973e-01 5.495867653685649890e-01 5.164919800348297674e-01 7.080025181004080403e-01 4.558857256588110252e-01 8.339370042192643107e-01 3.276276768053580368e-01
1.031592113848093656e-01 6.703049535786753665e-01 4.045105899324394905e-01 5.680895404241415036e-01 3.962491690297936797e-02 4.611511718900770940e-01 2.948081273734924346e-01 4.354928738719590631e-01 7.191768990360555835e-02 9.221478521004254914e-01 2.741492477036508446e-01 9.938131159164858008e-01 9.282221670114462198e-01
2.864010118965127916e-01 2.881394587395609275e-01 5.940102161739519993e-01 4.981423766278718079e-01 8.261281866670130425e-01 7.950226686993474567e-01 3.115254680681423527e-01 1.017147795713598257e-01 7.966187848274368655e-01 6.548717025667457614e-01 9.857492590588817771e-01 2.339945959323530833e-01 7.340350673682292104e-01
4.083490803201946240e-01 2.954698686062664018e-02 5.045938126979702121e-01 5.424307186798835861e-02 6.903678028548717593e-01 7.263735390163150729e-01 2.857208714909743597e-01 3.040276214151531597e-01 6.537029010850106125e-01 6.771317007355182049e-01 1.111531836140214752e-01 6.828942109698893370e-01 3.060587309280807244e-01
1.946776788827045135e-01 2.962688618371576155e-01 5.898840099415882943e-01 9.405835592829262515e-01 9.591771805048096011e-01 4.164795461695146583e-01 5.170800932593688781e-01 9.340611831569710366e-02 9.944089825342118383e-01 2.276727500759173906e-01 7.778369910195592762e-01 8.721263269690286979e-01 7.692350100674277824e-01
3.254662397478254032e-01 7.054885750137115386e-01 8.018805028652115086e-01 2.277341009099206615e-01 2.274171582967518812e-01 5.182118741700374176e-02 7.495693290646602280e-01 9.620676634311801922e-02 2.613095098796101579e-01 1.050939603116735205e-01 8.349528184805947439e-02 4.852193639556182658e-01 8.470004779104505221e-01
1.866139178901256579e-01 5.595426817160221306e-02 5.470437328164942659e-02 8.467776540899508708e-01 3.814507465870856651e-01 6.446704651263490682e-02 2.270006684493479088e-01 9.126517884338476438e-01 3.396690527504981905e-01 6.941405550980062067e-01 2.512728685394162165e-01 3.323370805768951497e-01 3.734873260602976086e-01
2.684902552011567134e-01 8.787657290733809079e-01 8.778246674851903908e-01 5.263512919524186984e-01 8.480963969588142248e-01 9.742495680246255896e-01 8.174632883076244916e-01 6.449154690283028790e-01 2.893169966994408870e-01 1.491046471365591319e-01 2.277208343434416471e-01 1.040660248474513522e-01 6.741526510440342193e-03
5.157734072683541893e-01 5.576669458803162893e-01 1.526490970373567402e-01 9.892288508829927274e-01 8.535926025036283393e-02 2.262257606350666639e-01 5.377265387400558261e-01 1.730714398284177447e-01 4.077647167436483921e-01 8.566922937976391150e-01 3.503970739785425281e-01 9.992938412857580444e-01 1.826064606621409792e-01
1.113546623557325893e-01 9.420904354658587998e-01 5.240687339261862476e-01 8.910411058061246115e-01 8.318358690469322969e-01 3.760084378251108972e-01 7.076514400926290360e-01 4.666665010066475272e-01 6.953129525176861003e-01 6.645774426826884795e-01 3.386971645490572391e-01 9.039010784072528670e-01 6.037322840890344544e-01
4.148139405465562923e-01 2.446701942733669477e-01 9.157612667221458613e-01 8.100215925916349757e-01 1.009481675375101251e-01 8.012562678049771347e-02 8.104612841853844341e-01 5.017975648475480055e-01 8.236149825536066560e-01 5.769291364396933811e-03 5.173483758593714343e-01 4.206584726355310222e-01 9.636414874142477105e-01
3.802248425311245406e-01 8.139588853863166662e-01 8.916840255216320621e-01 5.627752171335126397e-01 9.624539582106952373e-01 4.724925445886320463e-01 7.847281506769666903e-02 3.932665467400587866e-01 2.384794959845422668e-01 4.264116335260629831e-01 5.259141696336342431e-01 3.641578035738038954e-01 1.613684508390804684e-01
7.097731511998062182e-01 2.926730863245727288e-01 5.022163532738250780e-01 2.577780174729209506e-01 1.260165141174930392e-01 9.007177194261175579e-01 4.329942515064101327e-01 4.149135633267311829e-01 6.625025761636205157e-01 2.676442379762568047e-01 3.910597376164990369e-01 1.270706504670761627e-01 5.229993807185511212e-01
3.045822241984810219e-01 3.416497537187350442e-02 8.526483938011409913e-01 8.510843682461887161e-01 9.922973176569449549e-01 2.402846633952202549e-01 9.819884136930000507e-01 3.736314068445870107e-01 1.464160975569806789e-01 8.777874505108745895e-01 2.802041434161288702e-01 1.843279441653593309e-01 8.573802157989838246e-01
7.449010501040560506e-01 9.386537407645680897e-01 4.226353954422925607e-01 6.884541303911584365e-01 7.479141619226440385e-01 3.309745556284029999e-01 5.455908045625194047e-01 4.731620840165243758e-01 6.476589447589959914e-01 5.391580164021289034e-01 1.988410537730589400e-01 4.836180924361955791e-01 6.426643622158081937e-02
6.298013316318370469e-01 9.099789167301840509e-01 1.010991745844373457e-01 7.785400805545882319e-01 2.648682283891568012e-01 3.005876823048236335e-01 4.946764527939659928e-01 7.352393962969925312e-01 8.971343452471262081e-01 7.704562446625692340e-01 2.464755933571270707e-01 7.362818967069651999e-01 4.142354898424068788e-01
5.346942191181273257e-02 1.844172470918660212e-01 9.705819143406041460e-01 9.386477375158529535e-01 4.376339880020857498e-01 4.797903665434994358e-01 2.794827676525606375e-01 5.168255625220964378e-01 4.234819095620732665e-01 3.941405932226962894e-02 3.321974641285069252e-01 6.079951916571980641e-01 1.696280154595191658e-01
9.651634046391132093e-01 6.551645335452790375e-01 1.779534777533352541e-01 1.480357916086769143e-01 2.661992512158393651e-02 2.615707580739451421e-02 1.160917721788412987e-01 8.582315057762933685e-01 4.618765417490071079e-01 3.088980235348042225e-01 6.901194127113627896e-01 4.895412408347129540e-01 6.410231498440722708e-01
4.277852833174441427e-01 9.762655929744683547e-01 1.112059148369610867e-01 9.862310914133196604e-01 3.429635065934020788e-01 7.426546106784484014e-01 3.164131529496754247e-01 8.915631125751423136e-01 1.762949124644814236e-01 8.970394477513088383e-01 4.602254705492487274e-01 4.339118690152418689e-01 3.382319478477922581e-01
9.850919478104279703e-01 7.258523120166424647e-01 4.720930554774306342e-01 8.060206515298914409e-01 1.492887412596349550e-01 8.891476610629192034e-01 7.880065997698052493e-01 7.048245462695648111e-01 1.233283885119297457e-01 9.456017301633550254e-01 3.620145230178057338e-01 7.760775796854434416e-01 8.818101752844048624e-01
2.223720430852368368e-01 6.094705049340780612e-01 6.477994688649887367e-01 2.871996415989455653e-01 5.864687422101382275e-01 1.150706944444231522e-01 7.775702161141229141e-01 8.139907707729716613e-01 5.734832951453880945e-01 2.096407434121316249e-01 9.428848926932955621e-01 1.763139641727584916e-01 4.638086037946279050e-01
1.391524136297722369e-01 3.823952652427660692e-01 2.133098898860822934e-01 3.955412504640158922e-01 2.225940548747507852e-01 9.481549874284307400e-01 7.270834795359178981e-01 7.893668460472426096e-01 4.868313893554333527e-01 5.643350035220824623e-02 5.327076562510790758e-01 7.159629170290425781e-01 8.302881412908855729e-01
2.323904836982442768e-01 3.041948365697644263e-01 8.488069327287161014e-01 4.786743233285443710e-01 1.137600188151002278e-01 6.316000721543321150e-01 3.385289212198885345e-01 3.638578776008092319e-01 7.024355989901311936e-01 8.367098330297457753e-01 5.880784594677903598e-01 9.783368714000746369e-01 6.749399584262079088e-01
2.798689913639617055e-01 6.154771996023603586e-01 7.017015326774728515e-03 5.129411454331228581e-01 7.915338455445293242e-01 5.037402349662689627e-01 9.099265916632653939e-01 1.490994894010109761e-01 2.809355777077571781e-01 8.131835192707725923e-02 6.233751388287220863e-01 5.292691400439757388e-01 4.826626671083680264e-01
5.714154945594283053e-01 8.453947747297805293e-01 5.344697984553629100e-01 1.210517516397131288e-01 6.540225728782796955e-01 1.348558383318244902e-01 5.858391245587647733e-02 1.956685953932858490e-01 8.071857286865894432e-01 8.736037975374046916e-01 8.829597076867062855e-01 2.867713323149196497e-02 3.471156916793183278e-01
6.963128600379351330e-01 7.864092802761427636e-01 7.277659100655823332e-01 2.122256700506667398e-02 7.388219959455814001e-01 7.169795444642009796e-01 3.139228316381689199e-01 5.824905455962227363e-02 2.527538648481584271e-01 1.215761270346570611e-01 1.902551538788046503e-01 1.446939884990370850e-01 7.785570635992715705e-01
9.835592867818065965e-01 3.670818389543286653e-01 5.990866084984221018e-01 6.211595023552681782e-01 2.947638031649162382e-01 6.998467986631593529e-01 4.437451575638671208e-01 8.858971401400871359e-01 9.544633092972796273e-01 8.219434257635459540e-01 2.646583509890081398e-01 9.438716350277588374e-01 2.815315107500445668e-01
2.095419250505315967e-01 1.615675482922895867e-01 2.575939230114112632e-01 3.292865981105035367e-01 9.715785659470438373e-01 6.599553858838084208e-01 5.976475061054814519e-01 1.320338292330652252e-01 2.468756514642065081e-01 6.595595131107009346e-01 6.729828314457405591e-01 5.088293236009867188e-02 5.300611070319566354e-01
6.585559851800034670e-01 7.997192293368007299e-01 1.751049633926283766e-01 3.811871271365846470e-01 3.657051678106542636e-01 1.970859855042568221e-01 1.448139424697960920e-01 5.606635147209176884e-01 5.236669630894542626e-01 4.054750142543198654e-01 7.973043413583894568e-01 1.144057761297932740e-01 5.196183601443492561e-01
2.826504834230102459e-01 1.688512198295800959e-01 1.201795868868168748e-01 6.241316900846637372e-01 2.688104685533606597e-01 1.235941635584380527e-01 1.686787862188544596e-01 6.938452829361561047e-01 2.647682797121677645e-01 9.940002959165428198e-01 2.557534286505725452e-01 4.455589162593015518e-01 1.941316573755486885e-01
7.125326451372168135e-01 5.914586157504583275e-01 6.419237815182853302e-01 9.019339200998787165e-01 5.161267855116282721e-01 9.203220653476048563e-01 5.542565730287408732e-01 6.828472123780208181e-01 1.628177806532875027e-01 9.800924187574960866e-01 7.360538981625621702e-01 2.743033022134485077e-01 6.670877924456529717e-01
8.353295088734702042e-03 9.253451662010973022e-01 2.282488659918339158e-01 3.448051628570332761e-01 7.839846432711746749e-01 2.536548956967972779e-01 3.516897968609476038e-02 5.072076392049463811e-01 2.167165589258182243e-02 7.471616234868692086e-01 8.954406305138877809e-01 3.983539403948551660e-01 9.688745743278227573e-01
7.950796858612215745e-01 6.036458007241946033e-01 4.937761874621812708e-01 2.127140715262497150e-01 6.014309546593853417e-01 6.393926400656815279e-01 4.377969807071660502e-01 1.854074003421999073e-01 3.848369757505425981e-01 4.570874024785709366e-02 6.117744409264631589e-01 8.669727720067077481e-01 6.793571616871914021e-01
8.823715767302690027e-01 9.662522004955531596e-01 7.830108106690462089e-01 5.430556674863841193e-01 5.510165445400202477e-01 3.458135238952748103e-01 8.405049949361308448e-01 1.933773850194577329e-02 9.975310865191252541e-01 2.931381475084125499e-01 2.381022026759871402e-01 6.948619756087848209e-01 3.154055666219530724e-03
3.414828576657276127e-01 2.322380086831421775e-01 3.334617157692268963e-01 8.932464812472578064e-01 6.809276224464270166e-01 5.791850824452729474e-02 5.424414934082235629e-01 6.657886737368275964e-01 1.253905945448052506e-01 1.034373976393523908e-01 5.230336669457147369e-01 5.216317130704842264e-02 2.362975973090236104e-01
1.408766629994866182e-01 8.379523076784705093e-01 1.462512961223573216e-01 6.010684830875474560e-01 7.694882408111965999e-01 7.874065838120550831e-01 7.232444401815156798e-01 6.716351885313854853e-01 1.998791588400642971e-01 3.205497941393706807e-01 5.788788398697599508e-02 2.453420600277481101e-01 5.496696167539797395e-01
6.162571912261674001e-01 6.865535252710046610e-01 5.835811657981544026e-02 3.607792920564633632e-01 9.871874072880421069e-01 8.580226056402215917e-01 8.922284934943002233e-01 1.537778414765837431e-01 9.581519141512399862e-02 8.925448733897658471e-01 6.762890137477426400e-01 7.886565840981888398e-01 6.604402615962789991e-01
3.398361092479161294e-01 9.956927420839143394e-01 6.867807872036110206e-01 9.810545076985436319e-01 8.174661862163610238e-01 4.972194564426856145e-01 2.522401136561643886e-01 4.374129589669184526e-01 3.412300959203165562e-01 9.195724959930345888e-01 3.067124072337693019e-01 3.867019579376728133e-01 4.324997953758272229e-02
5.115040472157685869e-01 8.364653257830186039e-02 9.927644851136376847e-01 6.739685498465609603e-01 1.964936145722943062e-01 2.000774781880869380e-01 3.044047142110885562e-01 5.572968046677433396e-01 9.696308896268879263e-01 6.054333339344973863e-01 4.027474110124054096e-01 9.129701912853105394e-01 1.385055816609405965e-01
9.204088138797158480e-01 6.220710881139038251e-02 5.523661599754018381e-01 5.461258342257220288e-01 1.403741779430200953e-01 5.233623787025853957e-01 5.093885044116536198e-01 1.209692103110635991e-01 1.485759253004682867e-01 4.700226457511454403e-01 1.423359830958890182e-01 4.717131909726847705e-01 2.946355348125568874e-01
4.194640006453287939e-01 2.495608257247784040e-02 8.161835352750503869e-01 1.908306735157879463e-01 1.799836444533730040e-01 9.117103947872983172e-01 2.234314725484677078e-01 8.254742121642316688e-01 9.185895179715799497e-01 9.748964587733139897e-01 5.435268628485941944e-01 6.647753881913244234e-01 6.949213668185345583e-01
3.227955788296132944e-01 3.534357757817416790e-01 9.868466504737435363e-01 6.660232108746540203e-02 4.410169433181573284e-01 5.385665271739629167e-01 6.302256965709436554e-02 4.997543380933036072e-01 3.227252624148984061e-01 2.027341912622091791e-01 9.754051440243355353e-01 3.704562400285926205e-01 3.992019658724424991e-01
7.250322690506948442e-01 9.167638111927791655e-01 3.404382544224832108e-02 1.821650607763957985e-01 1.917104837214646338e-03 5.866797331099539159e-01 4.145638905342353686e-01 9.631624811355448124e-01 2.267767841948515606e-01 2.312719286382569073e-01 2.927185420335616239e-01 3.567673098251689656e-01 7.449001026253374569e-01
3.873046421181434718e-01 3.083562351544383850e-01 5.594466088840618356e-01 8.970819179476954286e-01 1.735785456808495442e-01 6.522706932278514724e-01 9.855507179079842084e-01 7.689338207557198102e-01 7.748172174114309474e-01 8.856303345312100950e-01 5.076772884956726184e-01 2.675194388304615312e-01 8.965768683277086648e-01
9.258201166887061184e-01 9.987609226858179534e-01 6.226331435567963313e-01 6.844628454736788603e-01 6.277011976149735606e-01 4.456361851057152879e-01 2.835314326859781353e-01 2.002192139927503889e-01 6.582777265683491530e-01 5.624798681074928419e-01 8.544124826003474116e-01 2.952884985261028383e-01 8.007738097573443570e-01
9.496088617797935338e-01 1.497657511947770859e-01 8.463956261307827855e-01 9.520827467668118160e-01 3.592111651084718971e-01 8.308432976686283000e-01 3.700681633034375723e-02 6.689241165533718614e-02 9.735585438838001426e-01 5.211847144152127465e-01 3.146123915284237960e-01 2.097749120271558687e-01 7.870758767105293652e-01
8.188245891347772920e-01 8.358772857683616220e-01 1.925713237476246731e-01 3.907239722777527957e-01 3.903132058027221074e-01 3.055967938581748977e-01 9.635576156340969201e-02 3.315525838610490772e-01 4.408518460525415739e-01 7.366729053731552179e-01 3.028308439963421916e-01 8.712675314931876969e-01 7.595915902495097294e-01
1.815945249363895009e-01 9.768972152097787909e-02 1.574311987401824653e-01 5.721911771143138870e-01 1.851393615409908239e-02 8.020269080007864648e-01 7.747018975975269450e-01 5.372525510020054185e-01 7.571674531925308427e-02 2.389180726649849651e-01 2.794534041819838818e-02 1.671251764735552092e-01 1.336190792961963747e-01
1.849065292839452770e-02 4.727017700961240465e-02 2.095643029703832816e-01 7.621334353069634249e-01 2.353032410942897668e-01 7.733627632592990353e-02 5.049820735736373356e-01 1.372106443603715864e-01 2.087257622921527833e-01 7.839067420455609891e-01 4.149832733347040559e-02 7.265010271244208839e-01 9.975556284600690660e-01
8.811212356459698081e-02 5.852535867826598182e-01 6.146582151364508029e-01 9.290939417555506008e-01 6.737105395922531326e-01 2.276181971663309117e-04 1.086867983465185372e-01 7.284158825484024491e-02 6.391020808696143765e-03 4.892554189714176105e-01 1.392481603392677625e-01 8.987026163635397635e-02 9.921544517423173948e-02
5.885799775145809098e-01 3.791616128568062183e-01 1.398144069411023371e-01 1.122286907407188256e-01 3.631954648353450388e-01 7.772218102767342041e-01 3.875110577619738650e-01 1.881511395368486161e-01 8.753525464437278414e-01 5.437751885041021138e-01 7.169249550264228388e-01 7.044687137674991995e-01 5.981338564014248016e-01
7.825792233828877675e-01 1.833046924391721483e-02 3.395415149612541206e-01 5.049246490477472815e-02 8.030631291845444775e-01 7.647722867588188089e-01 2.286265863197896875e-01 7.498958478360886470e-01 8.166557745201638019e-01 7.910775001749887902e-01 3.786569087644885423e-01 5.367209679352824558e-01 5.244001191645224214e-02
8.566839738091224232e-01 7.009283332417566292e-01 5.118504088245330319e-01 2.349585160040997545e-01 2.505472240810615592e-01 9.168067670792263701e-01 2.711849212039038615e-01 9.574704931447733935e-01 1.288861229172786615e-01 7.040801488096413152e-01 3.878051279785000860e-01 8.150034029045630790e-01 6.974138101161070358e-01
1.761307463828584718e-01 5.755049957542348604e-01 6.096484237733508227e-01 9.946159647568596496e-01 1.073151473291732716e-01 4.370045152426407786e-01 8.927846830521378452e-02 8.422954024017379471e-01 6.737037366867196786e-01 4.606413929184844935e-01 2.864052942532833712e-01 3.538259865811997917e-01 8.426284218060213493e-02
4.337439658510207074e-01 5.419479208860188413e-01 3.776971283375016308e-01 2.943379128971911340e-01 9.439455023857111771e-01 1.685159828389738990e-01 8.036713239342605508e-01 3.158265619423515635e-02 4.185306307739223297e-01 3.247805339188025719e-01 8.666669437379743712e-01 2.264494094671610225e-01 8.217900630998280498e-01
3.010407060109772659e-01 7.594878983206789780e-01 7.642584347062220118e-01 2.676091802785025564e-01 5.528406641980091463e-01 7.034707099229500216e-01 4.489921768310974337e-01 2.675501128853229882e-01 7.517122001926227481e-01 1.830491201420469671e-01 3.190023964116575073e-01 8.258553189763052638e-01 6.816126144824750099e-01
9.766105898452773215e-02 6.358955889280328844e-01 1.863094284984207205e-01 1.765362099938382334e-01 8.081179341962022589e-01 1.828953853842721911e-01 5.306209296957363486e-02 3.538635612265262353e-01 4.343977672993639128e-01 2.615731208450281509e-01 3.660843712646444925e-01 9.201656015875477879e-01 2.531379752852604414e-01
6.361533554601174478e-02 9.286204218932002652e-01 3.067300499269421180e-02 5.962295151899382750e-01 7.724816145163268533e-02 6.856929286866304540e-01 6.617704515424187584e-01 5.887299178171823133e-01 4.303642591412887297e-01 5.679426329283338015e-01 3.949766350419286476e-01 2.597988807028391300e-01 2.120736992167676915e-01
3.703344443075954895e-01 5.468551384615408795e-01 8.336459171758736630e-01 4.948974063200888840e-01 3.192473555415849540e-01 7.312563715431515954e-01 1.266719971047336746e-01 2.637666539292380929e-01 5.948644281740035622e-02 3.956917652606259383e-01 9.516869099443678870e-01 2.715426269478628252e-02 1.741079354801715606e-01
8.623408424947984763e-01 6.452324976432057824e-01 6.652809805702762924e-01 6.618120647801063461e-01 5.054585273260351341e-01 5.401935047941830437e-01 5.006019572854383259e-01 9.855781148367401823e-01 7.058534272413961030e-01 8.699710223921657271e-01 8.758578802512827499e-01 2.360100929345423648e-01 8.617639857191199404e-01
8.551519357427845858e-01 4.132805872982899670e-02 6.383000994762758618e-01 6.547160681152591755e-01 3.343037423143980225e-01 3.739986114500411518e-01 6.543902490352543344e-01 9.727567505135592540e-01 1.939715719246340175e-01 6.083559646110954233e-01 4.885406466216538623e-01 8.605169149762167402e-01 2.975724048121050069e-01
3.562222573958767624e-01 1.838532446671446996e-01 3.055738458953666803e-01 9.658791224264337005e-01 6.206832612118962089e-01 8.642772587370208814e-01 9.584460318925834832e-01 5.672859426169574171e-01 5.953836996496070233e-01 6.231541727724920765e-01 8.402393597484880336e-03 5.193307556397206426e-01 2.895885585792331018e-01
5.322623177022007823e-01 2.420031626371700884e-01 3.805777481081941693e-01 4.755581872874417027e-01 8.834585623692655654e-01 3.154763454305644643e-01 4.785578529875280096e-01 5.126564241869268068e-01 8.576732555429529281e-01 6.372286362858402553e-01 4.704874602910975590e-01 1.352142373476815929e-01 7.513677951295426594e-01
6.959377754597479981e-01 7.736874517512541960e-01 8.149331747515159430e-01 7.145459818491693982e-01 5.351605812675979124e-01 3.224484995557876932e-01 8.691693711858919369e-02 1.811098440512841634e-01 8.601569329662833718e-01 1.256675586617169750e-02 3.734243140371431013e-01 3.587150090751452941e-02 4.402936877057035681e-02
7.749617089689999627e-01 7.944887729155467593e-01 6.582673918864353491e-01 5.550011445737481619e-01 5.234859444629600400e-01 5.260953783153814456e-01 9.265602796589593737e-01 6.107162616616540474e-01 8.936028104813016348e-01 9.789278498346178914e-01 1.146296434897740163e-01 5.923539940640885071e-01 4.264322369147310887e-01
6.663733738660649886e-01 4.657126982747426536e-01 8.629201167813451701e-01 8.551014959456528786e-01 7.536858386442408797e-01 2.928313153488059650e-01 7.745604157163782540e-03 3.257984969156793587e-01 2.550270374089380274e-02 8.881247900888981084e-01 8.596605488496517067e-01 5.736957118847333392e-01 8.753193679305959485e-01
8.913342341259919976e-01 2.363857722807958806e-01 1.632911498121242810e-01 7.533389277335669210e-01 5.451048816988952606e-01 1.102447312187022771e-01 6.912111983970721241e-01 7.236326140209442537e-01 2.840089362395365469e-01 7.604241277463500426e-01 6.557917487638904586e-01 5.271281473985850452e-01 7.782833801641479698e-02
3.375002572356060326e-02 4.300588752858035546e-01 4.166821803547177128e-01 9.749434531040608309e-01 5.090140179650121111e-01 8.872848673161018995e-01 1.674714744267212230e-01 1.470666832238856636e-01 7.152144276597266481e-01 9.655503235764760495e-02 2.191503976637300122e-01 9.707141924305585645e-01 9.777275524860099543e-01
6.701378961776259802e-01 6.958673590397239650e-01 3.522911789638378810e-01 6.925965401799576426e-01 8.553383244184515899e-01 1.509048091530324209e-01 5.908887127255423311e-01 6.293010156615799211e-01 8.246384181367156785e-01 6.974851841804335928e-01 5.697765136976108424e-01 6.273922499825377308e-01 1.506712054703836512e-01
9.327722219396600289e-01 4.112563739011589337e-01 8.734023498261100915e-01 2.709360811502555672e-02 7.021540591964779976e-01 6.232261304600917873e-01 8.066869935748132159e-01 3.969713473043564034e-01 9.221856976146548535e-01 2.894072934339263492e-01 1.041965458380110926e-01 2.070039573612090233e-01 1.594820773529504743e-01
6.093706605627141615e-01 9.036212818772341171e-01 7.216568439172025284e-01 7.810632349642007144e-01 2.470032378116147342e-01 8.463644382767731011e-01 5.187666176259767004e-02 5.930665657480080899e-01 5.893295181658528836e-01 4.112040536638825738e-01 8.400098556335010291e-02 7.457104339184834618e-01 6.535513889436289636e-01
8.438549321085810906e-01 8.621630562510171902e-01 7.444189337955063879e-01 1.243645631676471158e-01 3.872359012241640697e-01 6.923732608393441679e-02 3.751988212117897126e-01 7.864219704228313512e-01 2.710283976329599387e-01 3.663330354101232422e-01 7.869540860632775470e-01 3.025970752830648980e-01 6.348041459543841691e-01
9.443464216949714052e-01 1.741589975470329843e-01 2.695949887273710877e-01 4.162282827582468592e-01 6.824190359545950768e-02 8.690570960162138925e-02 4.007247613949047604e-01 8.164894897142286334e-01 2.004944820007812656e-01 6.274149036416818426e-01 6.457832826055627251e-01 7.812139364454899482e-02 3.152386078145776871e-01
8.228614963860030052e-02 7.761457515446136268e-01 4.792150688808777259e-01 3.781346252411840053e-02 8.605787210076382143e-01 6.334969020716707533e-01 6.060711485963355960e-01 9.280642602222910487e-01 9.862517679362006184e-01 9.306460509613011522e-01 7.295456570976035504e-01 5.868172058939333802e-01 7.049887016069787959e-01
6.425235396055112291e-01 8.242577121201736245e-01 3.145818828196099148e-01 5.106520337572778567e-01 7.615041668294840749e-01 7.477363664158023226e-01 6.834450362274099300e-01 4.209299370294807274e-01 5.288080084531281422e-01 3.702844065615324420e-01 5.972392651612530301e-01 5.424729194663915344e-01 3.612016959951450112e-01
9.117406514322026201e-01 9.852946113082617918e-01 5.794461890285604877e-01 6.791931185343401678e-01 7.093825544205225597e-01 1.952398613022103824e-01 9.306210335561236613e-02 4.450014156103883067e-01 2.562604824325918629e-01 3.870620919192793719e-01 5.801822962437350739e-01 9.462964984142416824e-01 7.123116474445871649e-02
4.704662825340191201e-01 2.833088064067350587e-01 4.019769861939536670e-01 2.205888753538848834e-01 8.902989058452408511e-01 1.549756691543267562e-01 4.046248435789627784e-01 4.529856227112050715e-01 6.794432165302415338e-01 9.148431547823124843e-01 3.308831165722957435e-01 9.547345437941656687e-01 5.596547645106663138e-01
4.882448678436814848e-01 8.303641737473789197e-01 7.789136937884150180e-01 4.889457446965616572e-01 6.127767371630394866e-01 5.945364565516442212e-01 8.141062734786798094e-01 2.179974353946820959e-02 3.438369266420518433e-02 7.843680749166366262e-01 9.657382831413055535e-02 5.477162736198932791e-01 6.384830647078634791e-02
1.472200371665049190e-01 1.141921609702376550e-01 9.615260306204895802e-01 7.478193243018275149e-01 5.830285528471396139e-01 5.516192960556698388e-01 1.728117789118097936e-01 9.368276849075781731e-01 6.650151202868926914e-01 5.282595659299843538e-01 6.028011800733041881e-01 5.577135643278849919e-01 4.096795084752358762e-01
4.654651836923787145e-01 6.647054888719494681e-02 6.481706821821895392e-01 1.699032788903447402e-02 6.412382076162891353e-01 2.219094864942192935e-01 8.304671034358186432e-01 7.928504666988873684e-01 2.489319593924525231e-01 1.524899085034930601e-01 5.440619106848554321e-01 3.882003058038932530e-02 9.814419456870482339e-01
3.778068596114012023e-01 6.291305050530986431e-01 4.142762008713097854e-01 9.203517883427379809e-02 9.969511133152617610e-01 9.690194992148706277e-01 2.003624718846031549e-01 9.106060029202470707e-01 4.712818346286732352e-01 5.548282959885630916e-01 8.057679056397348827e-01 3.195278253111490940e-01 8.181206098464989251e-01
6.780801072440681976e-01 8.012966499034112067e-01 5.197927874060565001e-01 4.147793444563709908e-01 2.872566852786749558e-02 5.594311371394560251e-01 1.574256816659164726e-01 1.175814122704743961e-02 4.965086451951091218e-01 8.667670058902257058e-01 9.588399016313967627e-01 2.987837293435439134e-01 4.560358854306326148e-01
7.580620440321395037e-01 8.051472280178686436e-01 5.659649248479384775e-01 2.986354302964853713e-01 6.198965411261204705e-01 6.191440213252631386e-01 9.750405333023144383e-01 9.839355292648410689e-01 5.965534533499873282e-01 5.481327723512692263e-01 1.927871026660002707e-01 8.182364501594967532e-01 9.641104863804825786e-01
9.384561164319138449e-01 1.480264725845852579e-02 2.359107922900048337e-01 7.173791898071233408e-01 7.583041285656343389e-01 3.432250409431815141e-01 6.373223887555888867e-01 5.460641775192790620e-02 8.834133850942108568e-01 5.094726041840366149e-01 8.223814192877505480e-01 1.812760169491607065e-01 1.074097650925786573e-01
2.950826899776020640e-01 1.164411457993882876e-01 9.992314988734297687e-01 6.966237755668349685e-01 6.951961855756099151e-01 5.830657412354688374e-01 8.395653813977209667e-01 3.036147090880578214e-01 9.288457149088337195e-01 7.401344352173402363e-01 5.477776427020331074e-02 6.466274654383884213e-02 3.493828036375172252e-01
6.801160001103304653e-01 4.633883733597400911e-01 1.043615628832195996e-01 8.589180581248892846e-03 9.494823203575981641e-01 8.728597884109124960e-01 9.428693001551091690e-01 3.094705234619428702e-01 7.868463763945825473e-01 7.756509948509939800e-01 1.580425620078206861e-01 2.137952067521576849e-01 3.805589420929435529e-01
2.946497455302703183e-02 2.194209049235407438e-01 8.928654250074852250e-02 9.582998560740143557e-01 1.375024750538837437e-01 4.528181260244125150e-01 7.080526136519509350e-01 2.792916859224530701e-01 5.025574586477169481e-01 4.760727539861200341e-01 4.256216300749288139e-01 2.204015926176718654e-01 2.434166768596554564e-02
7.209453500314000340e-02 8.900772415954308903e-01 2.773176615981501336e-01 3.051400306333503787e-01 4.743465126209711058e-01 8.136389290083124726e-01 2.416698292654463620e-01 7.410147095410029444e-03 3.171811921449442240e-01 3.320967280941790611e-01 1.787954870518172756e-01 7.087990386253100183e-01 3.318657718124065625e-01
2.241281190420065239e-01 1.215491076567527529e-01 5.745046787131046218e-01 1.473793523688120277e-01 4.351121988907870608e-01 2.587604744117262268e-01 9.022454707869241863e-01 7.417832495521800018e-01 4.789584827873178408e-01 4.453049011451514216e-01 7.942274643038211845e-01 7.127113346233830693e-02 2.875920764401528884e-01
2.553014594235374912e-01 3.841561099890272724e-01 6.331962794958376217e-02 5.227008093397831345e-01 7.423668711445544632e-01 2.991634245457110430e-01 7.588884401041895433e-01 6.979468704337352114e-02 1.564140028470105415e-02 1.599432802657878017e-01 6.591568896431729274e-02 4.781476178076126682e-01 5.116395578588730508e-01
6.358961131805909162e-01 8.489503547215782042e-02 7.501989259788159892e-01 1.352301189817134430e-01 2.571858224043259145e-01 1.751090318093155018e-01 8.324451596490244423e-03 8.052217734724451681e-01 9.910917448408562702e-01 2.454081684140055342e-01 7.029206088592115931e-01 9.254208686136258799e-03 6.586429964408766491e-01
3.509262427450878796e-01 6.184745978098894481e-01 5.457943642277908181e-01 7.110748332748583200e-01 1.953540091430880921e-01 5.320217379535733260e-01 1.910279026738188890e-01 1.426519982486727268e-02 5.762638990195800837e-01 8.094148909923114532e-01 5.948411779211183470e-01 9.869213064708568517e-01 6.233569318732953279e-01
8.067338106395257613e-01 4.733134492865503362e-01 8.942090153682943354e-01 7.598340589077295926e-01 4.477951904577342351e-02 2.399677493752327417e-01 6.253933630864713100e-01 7.676282585594160768e-01 4.527451293836857737e-01 1.796410742762594714e-01 5.299958480273145867e-01 5.353364545499202931e-01 5.352550229158593575e-01
1.568471344559579650e-01 9.044879870556515877e-01 2.413104256170667816e-01 5.854936854290005988e-01 5.797631844381215815e-01 9.561160724400071809e-01 8.460039978449408471e-01 7.245687466469453719e-01 5.406115031790623693e-01 6.680115741064529544e-01 6.411504407024429808e-01 8.997263324619642066e-01 5.622259327642971094e-01
7.164698870113779261e-01 4.156597734423368995e-01 6.672064523342577380e-02 3.117198241593990837e-01 8.985594883614915762e-01 4.879924369567437692e-01 1.369843412955527584e-01 8.225468653167284927e-01 6.152590569679140531e-01 4.642344798026167285e-01 9.231737178699724877e-01 3.722877080076134604e-01 3.596142845765455398e-01
7.621273409993519765e-01 6.571980989216454905e-01 9.588150449129569930e-01 7.976476783963396544e-01 2.396678060467066218e-01 4.044902016320592875e-01 1.501680403395372898e-01 2.698580902573359808e-01 2.801076519806290979e-02 2.795100718701309384e-01 9.906561514983107664e-01 1.287817751146975720e-01 5.019785244069551594e-02
4.478613819834136311e-01 3.363446777483041217e-01 9.558887502187374263e-02 4.316269693766979776e-01 5.953207439090073549e-01 9.368797641521308117e-01 8.481458031499856665e-01 9.442092620608233400e-01 6.876953980404462152e-01 3.580817095964209940e-01 9.484150859819776014e-02 9.670738751536820388e-01 7.271456063853565244e-01
7.792837240297013635e-01 2.029603132554816669e-01 1.498301352268690823e-01 2.769623712172516461e-01 3.043632453145664885e-01 5.315111651822044259e-01 4.544938349976881398e-01 1.406189929699661334e-01 9.475204810205565265e-01 7.287069831691829203e-01 3.278116091467439541e-01 3.269891965938734324e-01 2.612811530150228045e-01
7.845993026978307361e-01 6.483838846448976012e-01 6.832232593440079604e-01 4.709778553527604883e-01 2.960479462773894510e-01 6.665822922159932995e-01 6.987206761840701885e-01 5.441922955836367981e-01 8.005107404295181972e-01 3.489615561424552759e-01 7.263968536860488934e-01 7.879324550847705000e-01 1.301782829982425505e-01
4.450146114179991813e-02 3.587455331208587173e-01 3.225490060221479216e-01 9.161492591347019099e-01 2.433720865640441322e-01 2.221124987485852825e-02 6.745593256715218256e-02 6.870521769214898988e-01 1.178148134952255732e-01 6.747668672216001751e-01 2.715444210337931152e-01 8.554813308850431897e-01 6.367702750640291676e-01
1.557365059389827500e-01 5.485190890925861762e-01 2.441962907804485217e-01 4.582055635319178255e-01 3.247515477281639334e-02 1.576309139883490251e-01 2.700666634889057477e-02 6.124477082296240216e-01 1.329054377270036114e-01 4.345223390057826318e-01 8.601762360129299179e-01 7.223253746674028752e-01 1.210628270432322490e-01
5.583372791463161455e-01 8.088304417869878193e-01 1.134174897277144545e-01 8.418597726819193605e-01 8.362979302457962394e-01 6.802890940408174991e-01 1.817630395790563735e-01 3.183606141552939861e-01 6.033699444928776190e-01 7.359704954708732316e-01 4.567308308884161505e-01 2.681180218576696417e-01 5.531407947576790773e-01
9.078317970199581977e-01 9.377730752346488674e-02 1.669762083871885183e-01 1.104705945288537994e-01 3.943355115052797899e-01 4.400156474695759434e-01 9.668704852842543440e-01 1.663469166988089110e-01 7.360711365177201593e-01 2.845401736048296937e-01 1.032277841758702935e-01 6.718206904373207333e-01 7.425840475764828863e-01
4.063398774733243402e-01 6.727969221701993741e-01 7.532070176824564589e-01 4.536740831261636409e-01 9.241934190657153936e-01 9.972948006763108220e-01 6.323492344993008052e-01 1.259238225735986594e-01 7.351770213822471645e-01 1.171371773767084234e-01 1.499684837303219553e-01 8.106698345383734905e-01 5.272671714021993639e-01
6.502754475974362736e-01 6.890006099356392744e-01 9.772345374171675925e-01 1.701162125010558523e-01 5.248304886142927117e-01 7.069754108084919109e-01 6.430595243151648877e-01 2.291413724720159917e-01 8.906430482626845890e-01 9.641719713094044630e-01 8.278810650721436515e-01 4.121606339579425016e-01 8.120182024585387293e-01
3.628179045374705924e-01 9.233812866654260709e-01 3.889647870547709996e-01 8.182772213556629426e-01 7.333737818845215140e-01 2.049717621517560540e-01 8.993776023655000174e-01 2.386520305271254139e-01 9.053330358884295048e-01 2.276382692146251829e-02 9.951100015047491532e-01 3.618965742102087275e-03 4.511630209385472656e-01
3.909441181163083034e-01 2.241363475281672457e-01 5.318328620030152720e-01 2.094697350431211635e-01 4.215371877433733983e-01 8.179353738272986396e-01 4.749468811492155718e-01 4.582007534917488800e-01 2.189305043501727221e-01 6.130646257869839522e-01 9.342096605317742330e-01 1.511474753138871141e-01 4.039759091231485688e-01
1.721291284998921478e-01 4.880484257342988519e-01 7.592125805985945330e-01 4.505878406869253672e-01 5.038122794769248625e-01 8.695291757103119634e-01 5.482810828230211264e-01 2.076119285273736459e-01 1.691928379595008525e-01 7.137720482768741270e-01 3.938194261313884142e-02 5.730502872781324114e-02 8.865501909726001273e-01
7.066479297157728101e-02 4.006229931598594973e-01 4.411693313660521309e-01 2.445183577993527702e-01 9.146322046983385023e-01 4.105149807532919581e-01 2.040266155020845074e-01 2.833305368309513295e-01 8.434318337153116074e-01 7.247647152998180076e-01 8.889286275475835053e-01 7.525204774219041992e-01 9.746331546032793725e-01
2.994241074443994011e-01 8.930658600783523138e-01 4.657183593402175470e-01 4.045491971209205229e-01 1.889337276712430014e-01 9.777627328590934308e-01 3.447457535083879310e-01 6.500068489845406416e-01 5.137472944117020823e-01 4.171952048529200541e-01 3.101897488169473305e-01 4.390051180392142705e-01 2.188848552652126744e-01
4.497192718557376234e-01 9.353030184399164781e-01 9.723271116757385701e-02 1.554809570409547773e-02 2.886501799737258844e-01 9.049105690759731146e-01 3.344333611243917592e-01 1.705951653938662105e-01 4.030274239772951295e-01 4.374641816333691424e-01 6.634417519065418656e-01 1.221238142399348608e-01 9.519108962460962609e-01
2.508668110618880176e-01 1.306219326649498136e-01 8.423692038769289292e-01 8.135356816448848782e-01 2.607343719232815826e-01 9.453055260770145685e-01 5.724576893476153172e-01 2.870224971897752386e-01 8.535663413583360892e-01 1.407176846968452022e-01 1.720120292473762968e-01 1.975323343852863067e-01 4.213398758325671567e-01
6.363630052509746671e-01 4.388234432711661248e-01 6.241933827357534215e-01 4.376341070239515019e-01 4.179877151457179751e-01 3.188612176681485111e-01 6.315695425338107016e-01 2.249725116955920978e-01 8.386655719559795719e-01 1.919804823121710746e-01 6.242896634079480034e-01 7.345390028270247784e-01 6.253243171838850367e-01
8.963008622779341517e-01 6.818482406215016223e-01 1.300841162352974478e-01 1.995765570765734853e-01 6.387521816572916400e-01 8.794524321368201170e-01 2.650088357547547013e-01 7.314269003519154877e-01 4.270654038431848099e-01 4.977162138206204789e-01 4.413523308666167377e-01 4.268678302280800446e-02 1.404401628356179987e-01
1.899511080175891042e-01 4.254358654429773456e-01 2.962904080516063354e-01 5.642149567452954262e-01 3.159680263682071999e-01 1.273825124746720272e-01 5.152642341336178822e-01 3.860384846680152138e-01 3.116701581554901512e-01 5.026791892311196497e-01 9.065925391309485049e-01 6.224021157541487215e-01 7.352032738258687528e-02
5.023029796681559578e-01 2.092347768373648831e-01 1.824461727566315528e-01 8.325315872981612353e-01 4.126073579317605655e-01 7.365569598708981980e-01 5.644958645387480045e-01 6.530043542953037905e-01 5.631303127088447269e-01 2.731629966757087025e-01 9.994235414826974084e-01 4.502486699266509129e-01 3.880909265477266445e-01
2.577146050759506202e-01 5.792812449617930071e-01 6.938150779572157534e-01 7.865483518213273184e-01 1.351103955434662940e-01 7.807369406146961177e-01 8.787635155272683907e-01 3.767023063981600473e-01 9.249334378339847396e-01 4.228825475248092908e-02 3.416220895166355853e-01 6.046064623639090321e-03 3.555749941671771941e-01
1.632836417196276979e-01 1.015183590270303249e-01 7.419453121424932629e-01 1.641012719616619653e-01 7.062213220180877382e-01 9.596926416509754532e-02 3.952029613258294383e-01 7.130301540280914452e-01 5.304783650968618314e-02 1.362320374052812810e-01 4.945837488321083719e-01 9.590840090479493263e-01 2.044780605322150113e-01
6.141363975257198016e-01 4.840516116622731735e-01 1.995101156891575800e-01 1.848393659283903701e-01 6.854812963119086833e-01 6.504659335897206018e-01 1.790710330587994559e-01 3.706267865558505181e-01 9.338498822116562126e-01 1.445621914434545852e-01 5.661643687481106024e-01 9.180151769289532915e-01 4.331278107963170698e-01
6.895939573439023862e-01 7.393268573691185175e-01 7.000132372140689396e-01 1.383891274952429029e-01 9.322125395510550971e-01 3.524069452662151325e-01 7.803983756702547181e-01 2.539810150156007751e-01 7.114663403801421149e-01 2.409928508367391309e-01 8.122831581790681543e-01 1.548002854715077869e-01 7.976875911096802385e-01
4.798989646267206033e-01 4.177268481503511599e-01 2.100911909439613645e-02 3.365418750636573475e-01 2.171588743770196117e-01 9.881932430318345062e-02 3.433938447843579156e-01 5.249851969332200996e-01 3.074197470822233047e-01 6.455858451759546313e-01 5.859596177236191528e-01 5.218737995835805998e-01 3.109271767554628446e-02
4.988830690789484712e-01 2.213028917539654195e-01 5.397832933897206420e-01 5.827029401087506777e-01 3.509140814269882114e-01 9.633721185862533787e-01 6.958155182727722154e-01 7.971907952296782840e-01 8.797918191845639502e-01 7.585414441414451980e-01 4.196370601402505951e-01 7.313281200099136514e-01 7.603849632741854769e-01
8.716930986907409640e-01 6.672371487798842704e-01 5.838202611760049399e-01 3.344346084602185520e-01 8.132315237521134943e-01 3.901753930891379007e-01 1.018384132955848509e-01 3.489252143863484368e-01 8.292577725964364044e-01 9.042851675888782248e-01 2.092080238403616343e-01 8.405546711394445980e-01 2.245910208929928764e-01
8.321204060724678442e-01 3.142363660445093299e-01 3.589785640383009180e-01 5.933027563698627382e-01 7.294033358194590422e-01 2.822371617059677429e-01 4.568845114872232549e-01 6.247768812527394466e-01 5.692578731016978422e-01 2.504110578779464302e-01 9.134324432146001538e-01 9.285823794959262578e-01 8.952593485172695154e-01
5.415208470073438196e-01 4.206199765091691578e-01 6.174869854786337875e-01 2.815212490867211037e-01 9.112789535653920137e-01 7.127353012316467451e-01 6.131031794198504858e-01 3.658351263312413226e-01 5.364872229151818050e-01 1.347983944820222157e-01 7.206529893836790546e-01 8.430752926056649110e-02 3.430091740521848398e-02
9.964721534232426903e-01 3.473832941795347851e-01 7.605304382327795487e-01 4.465511588464091131e-01 3.702950198090551037e-01 4.142998331909844567e-01 5.292187165892755507e-01 8.970120013123437930e-02 7.735736222757902403e-02 8.336865076819899301e-01 5.753739549469681913e-01 4.961679983846293274e-01 3.189089049338710291e-01
8.255694350711518803e-01 3.289849656547153556e-01 3.118865179445969305e-01 5.585831386793421727e-01 3.204331612040188237e-01 6.087692702287536006e-01 9.900819435978985839e-01 5.311508778045055390e-01 6.420982816344207311e-01 6.321901933144568053e-01 9.374033745417099661e-01 6.324386653935220037e-01 8.708016408862532254e-01
3.139364896832005369e-01 9.716395022512810398e-01 2.610312713318092004e-01 3.666741504644389082e-01 7.963834968766276834e-01 6.134782635501129233e-01 3.914074723915281773e-01 1.191062707368023832e-01 3.495555850105664386e-01 6.485718204149997224e-01 1.532339647170897767e-01 8.923711059253492950e-01 5.704389929807002213e-01
4.524728024787048053e-01 5.965816693181178465e-01 7.035113699211233140e-02 8.243539712823236831e-01 5.298839407608803009e-01 7.492812434979116976e-01 1.625629194140959799e-01 3.473320806279969197e-01 9.012225730288589975e-01 8.769120035055109896e-02 9.169670212199207970e-01 1.191875294648951644e-01 9.116091232772254305e-01
2.010212880985885464e-01 1.094947103124993687e-01 5.145228586923944469e-01 1.606913357811444176e-01 5.607248043370477442e-01 4.693234895585469690e-01 3.651395368851846901e-01 8.300974375042442510e-01 8.103417191469151071e-01 4.019483643556391872e-01 7.134043147712197941e-01 1.434148147974276533e-01 9.146598193502591956e-01
9.277954340463132055e-02 8.222816351545082503e-01 9.662417644721422727e-01 7.218629382598500399e-01 5.977275952052751862e-01 1.645638011326511219e-01 8.331719367737422388e-01 9.692269886353312991e-01 4.140608778863907879e-01 8.839839733875523020e-01 1.339885995964206489e-01 3.896501419213157513e-01 4.641916532434387510e-01
1.254271689572638016e-01 2.871013193393502916e-01 8.651930407466513762e-01 1.562624152195800087e-01 6.116493424341336027e-01 2.113737133104464649e-01 9.977478013516405397e-01 4.900284555910637829e-01 7.813275690284818831e-01 9.413862876325362894e-01 1.188127371260539883e-01 3.486895176208653080e-01 2.488030764889962720e-01
5.650303603243436168e-01 7.350193782654489416e-01 4.600408110038049503e-01 1.550901492588301900e-01 5.019039940159449043e-02 7.525796158884284770e-01 4.245906769527670321e-01 8.529576943113509335e-01 8.042313792560994157e-02 1.969238783593244002e-01 3.979028058918597788e-01 6.027979443965517659e-01 9.420325727450944431e-01
1.193198491025528329e-01 1.279316280572007358e-01 5.217471009822657324e-01 7.490156859697127967e-01 2.346389596639494868e-02 7.611861915347685192e-01 4.984654321400355248e-01 9.331386418778851999e-01 8.503088720761924346e-01 1.287902057052165150e-01 8.430522982048638259e-01 6.518202483169509565e-01 4.460917844269904342e-01
2.438575022186763863e-01 2.071740641891018919e-01 9.113691074495622324e-01 7.299045075094998669e-01 5.725189519037037211e-01 1.772232809882584581e-02 2.754837261545348692e-01 2.925689836355511719e-01 5.347443542775525138e-01 8.462106107642357600e-01 1.873973368577220022e-01 1.673859076314427458e-02 6.913709093082064383e-01
2.471851023025394556e-01 7.199416382672972625e-02 4.532804320430885991e-01 5.324386798561637768e-01 4.459380875219559059e-01 5.056695197600503677e-01 7.545379326983592261e-01 9.268126924507081865e-01 7.185007910236528295e-01 8.036790405973361917e-01 3.566811965660238726e-01 8.282936447516442424e-01 2.715343665888794722e-01
5.300156827211345290e-01 1.009763730441458340e-02 5.849968710928856730e-01 1.186524713220108718e-01 4.804275119995967680e-01 1.032098962824274241e-01 6.458536921932104269e-01 4.191998052227877691e-01 2.421509261026033311e-01 6.419653011251057473e-01 9.540417371374343425e-01 6.302404476133036670e-01 3.224406472361185383e-01
2.753070602158188551e-01 2.539048177129184514e-01 6.703681081650105789e-01 3.184096173328661017e-01 6.212734028938211167e-02 9.810735200327135308e-01 7.426902820815068917e-01 6.217537341342738166e-01 3.356507477912445969e-01 9.366949894820165712e-01 8.986127783572113448e-02 9.900693063745653610e-01 8.019432295802576827e-02
6.867292415413277507e-01 9.826758800527424231e-01 3.868891825218730984e-01 2.163112618015842481e-01 4.782877091933842029e-01 4.341157938481537970e-01 3.577586155690657410e-01 3.830302496186986372e-01 3.670831659075036169e-01 2.796696011471885152e-02 7.659347567406810109e-01 2.865475268172133494e-01 6.153335485103391678e-01
5.179937666436570387e-01 7.752022920922285731e-02 2.669663375497023927e-01 7.640543735746939680e-01 2.546971274197570301e-01 5.179688478238124727e-01 3.982049910819133731e-01 1.097920459744108762e-01 7.929605866116244961e-01 9.438133534834125538e-02 5.037548685424038108e-01 1.447057655658513797e-02 4.550250068434363304e-01
