0
0.0023464
0.004782
0.0073093
0.0099307
0.012649
0.015466
0.018384
0.021405
0.024533
0.027768
0.031114
0.034572
0.038143
0.04183
0.045635
0.049558
0.053601
0.057765
0.062051
0.06646
0.070993
0.075648
0.080427
0.085329
0.090354
0.0955
0.10077
0.10615
0.11166
0.11727
0.123
0.12884
0.13479
0.14084
0.14699
0.15323
0.15956
0.16598
0.17248
0.17905
0.1857
0.1924
0.19916
0.20597
0.21283
0.21972
0.22664
0.23358
0.24054
0.2475
0.25447
0.26142
0.26836
0.27528
0.28218
0.28903
0.29584
0.3026
0.30931
0.31595
0.32252
0.32902
0.33544
0.34177
0.34802
0.35417
0.36021
0.36599
0.37061
0.37378
0.37535
0.37519
0.37321
0.36938
0.36374
0.35638
0.34745
0.33712
0.32563
0.3132
0.3001
0.28709
0.27446
0.26219
0.25029
0.23875
0.22757
0.21673
0.20624
0.19609
0.18628
0.17679
0.16762
0.15877
0.15022
0.14198
0.13403
0.12636
0.11897
0.11185
