0
0.0015815
0.0032232
0.0049266
0.0066935
0.0085255
0.010424
0.012391
0.014428
0.016536
0.018717
0.020972
0.023302
0.025709
0.028195
0.030759
0.033403
0.036128
0.038935
0.041824
0.044796
0.047851
0.050989
0.05421
0.057514
0.060901
0.064369
0.067919
0.071549
0.075258
0.079045
0.082907
0.086843
0.090851
0.094929
0.099073
0.10328
0.10755
0.11188
0.11626
0.12069
0.12516
0.12968
0.13424
0.13883
0.14345
0.1481
0.15276
0.15744
0.16213
0.16682
0.17152
0.17621
0.18088
0.18555
0.19019
0.19481
0.1994
0.20396
0.20842
0.21257
0.21633
0.21966
0.22248
0.22476
0.22642
0.22743
0.22775
0.22734
0.22618
0.22428
0.22164
0.21829
0.21427
0.20962
0.20441
0.19871
0.19258
0.18611
0.17937
0.17242
0.16533
0.15818
0.15101
0.14401
0.13721
0.13062
0.12424
0.11805
0.11207
0.10627
0.10067
0.095252
0.090019
0.084965
0.080087
0.07538
0.07084
0.066463
0.062245
0.058181
