0.019467
0.02172
0.024058
0.026485
0.029002
0.031611
0.034316
0.037117
0.040019
0.043022
0.046128
0.04934
0.05266
0.056089
0.059629
0.063282
0.067048
0.07093
0.074929
0.079044
0.083277
0.087629
0.092099
0.096676
0.1013
0.10595
0.11059
0.11521
0.11978
0.12426
0.12863
0.13283
0.13685
0.14064
0.14416
0.14737
0.15024
0.15274
0.15484
0.15651
0.15774
0.15851
0.15882
0.15867
0.15808
0.15704
0.1556
0.15376
0.15156
0.14902
0.14619
0.14309
0.13976
0.13623
0.13253
0.12869
0.12475
0.12071
0.11663
0.11257
0.10854
0.10455
0.10062
0.096725
0.092886
0.089101
0.085374
0.081707
0.078103
0.074563
0.071089
0.067684
0.064348
0.061083
0.057891
0.054771
0.051725
0.048754
0.045857
0.043035
0.040287
0.037615
0.035016
0.032492
0.030041
0.027663
0.025357
0.023122
0.020957
0.018861
0.016833
0.014871
0.012976
0.011144
0.009375
0.0076674
0.0060198
0.0044308
0.0028988
0.0014223
0
