0.048386
0.05503
0.061927
0.069084
0.076507
0.084204
0.09218
0.10044
0.109
0.11786
0.12702
0.13649
0.14628
0.1564
0.16684
0.17761
0.18872
0.20017
0.21196
0.2241
0.23658
0.24942
0.2626
0.27613
0.29002
0.30424
0.31882
0.33373
0.34898
0.36456
0.38047
0.3967
0.41324
0.43007
0.4472
0.46461
0.48229
0.50023
0.5184
0.53681
0.55542
0.57423
0.59059
0.57748
0.56419
0.55081
0.53736
0.52385
0.5103
0.49672
0.48312
0.46953
0.45595
0.4424
0.42889
0.41544
0.40206
0.38877
0.37557
0.36248
0.34951
0.33668
0.324
0.31147
0.2991
0.28692
0.27492
0.26311
0.2515
0.2401
0.22892
0.21795
0.20721
0.1967
0.18642
0.17637
0.16656
0.15699
0.14767
0.13858
0.12973
0.12112
0.11276
0.10463
0.096737
0.089079
0.081653
0.074455
0.067484
0.060734
0.054204
0.047888
0.041783
0.035885
0.030189
0.02469
0.019385
0.014268
0.0093345
0.0045802
0
