0
0.001254
0.0025556
0.0039062
0.0053072
0.0067597
0.0082651
0.0098246
0.011439
0.013111
0.01484
0.016628
0.018476
0.020384
0.022355
0.024388
0.026485
0.028645
0.030871
0.033161
0.035518
0.03794
0.040428
0.042982
0.045602
0.048287
0.051037
0.053852
0.05673
0.059671
0.062673
0.065735
0.068856
0.072034
0.075267
0.078553
0.081889
0.085274
0.088704
0.092177
0.09569
0.099239
0.10282
0.10644
0.11
0.11341
0.11662
0.1196
0.12231
0.1247
0.12673
0.12836
0.12956
0.13031
0.13059
0.13039
0.1297
0.12855
0.12693
0.1249
0.12246
0.11968
0.11658
0.11321
0.10962
0.10586
0.10195
0.097952
0.093962
0.090043
0.086198
0.082429
0.078737
0.075123
0.071589
0.068136
0.064765
0.061476
0.058269
0.055145
0.052104
0.049146
0.04627
0.043476
0.040763
0.038131
0.035578
0.033104
0.030708
0.028388
0.026143
0.023972
0.021873
0.019846
0.017888
0.015998
0.014174
0.012415
0.010719
0.0090852
0.0075108
