0
0.0028563
0.0058212
0.0088978
0.012089
0.015397
0.018827
0.022379
0.026057
0.029864
0.033803
0.037876
0.042085
0.046432
0.050921
0.055552
0.060328
0.06525
0.070319
0.075537
0.080904
0.086421
0.092088
0.097906
0.10387
0.10999
0.11625
0.12267
0.12922
0.13592
0.14276
0.14973
0.15684
0.16408
0.17145
0.17893
0.18653
0.19424
0.20205
0.20996
0.21797
0.22605
0.23421
0.24244
0.25074
0.25908
0.26747
0.27589
0.28434
0.29281
0.30129
0.30977
0.31824
0.32669
0.33511
0.3435
0.35184
0.35869
0.3544
0.34301
0.3317
0.3205
0.30943
0.2985
0.28771
0.27708
0.26661
0.2563
0.24618
0.23623
0.22647
0.2169
0.20753
0.19836
0.18939
0.18062
0.17206
0.16371
0.15557
0.14764
0.13992
0.13241
0.12511
0.11802
0.11113
0.10445
0.097972
0.091692
0.085609
0.07972
0.074022
0.068511
0.063184
0.058037
0.053067
0.048269
0.04364
0.039175
0.034871
0.030722
0.026726
