0
0.0039406
0.0080311
0.012276
0.016678
0.021243
0.025973
0.030874
0.035949
0.041201
0.046635
0.052254
0.058061
0.064059
0.070251
0.07664
0.083229
0.090019
0.097013
0.10421
0.11162
0.11923
0.12705
0.13507
0.14331
0.15174
0.16039
0.16923
0.17828
0.18752
0.19695
0.20658
0.21638
0.22637
0.23653
0.24686
0.25734
0.26798
0.27876
0.28967
0.30071
0.31186
0.32313
0.33448
0.34592
0.35743
0.369
0.38063
0.39228
0.40397
0.41566
0.42736
0.42373
0.41131
0.39894
0.38662
0.37436
0.36218
0.35008
0.33809
0.32621
0.31446
0.30283
0.29136
0.28003
0.26886
0.25787
0.24705
0.23642
0.22597
0.21572
0.20568
0.19584
0.1862
0.17679
0.16758
0.1586
0.14983
0.14128
0.13296
0.12485
0.11697
0.1093
0.10185
0.094622
0.087606
0.080802
0.074208
0.067821
0.061637
0.055654
0.049868
0.044274
0.03887
0.033652
0.028614
0.023753
0.019065
0.014545
0.010189
0.0059931
