0
0.0030178
0.0061503
0.0094007
0.012772
0.016268
0.019891
0.023644
0.02753
0.031552
0.035714
0.040016
0.044463
0.049057
0.053799
0.058692
0.063737
0.068937
0.074293
0.079806
0.085476
0.091305
0.097293
0.10344
0.10974
0.11621
0.12282
0.1296
0.13653
0.1436
0.15083
0.1582
0.16571
0.17336
0.18114
0.18904
0.19707
0.20522
0.21347
0.22183
0.23029
0.23883
0.24745
0.25615
0.26491
0.27372
0.28259
0.29149
0.30041
0.30851
0.31422
0.31722
0.31731
0.31449
0.3089
0.30085
0.29137
0.28192
0.27254
0.26323
0.25402
0.2449
0.23588
0.22697
0.21819
0.20952
0.20099
0.1926
0.18435
0.17625
0.1683
0.1605
0.15287
0.14539
0.13808
0.13094
0.12397
0.11717
0.11054
0.10408
0.097792
0.091674
0.085727
0.079949
0.074339
0.068896
0.063617
0.058501
0.053545
0.048748
0.044106
0.039617
0.035277
0.031084
0.027035
0.023127
0.019356
0.015719
0.012212
0.0088324
0.0055768
