0
0.0012697
0.0025877
0.0039554
0.0053739
0.0068447
0.008369
0.0099482
0.011583
0.013276
0.015027
0.016837
0.018708
0.020641
0.022636
0.024695
0.026818
0.029006
0.031259
0.033579
0.035965
0.038417
0.040936
0.043523
0.046175
0.048894
0.051679
0.054529
0.057444
0.060421
0.063461
0.066562
0.069723
0.07294
0.076214
0.079541
0.082919
0.086346
0.08982
0.093336
0.096894
0.10049
0.10412
0.10778
0.11146
0.11517
0.1189
0.12264
0.12638
0.12982
0.13281
0.13529
0.13718
0.13842
0.13898
0.13882
0.13794
0.13637
0.13414
0.13131
0.12796
0.12415
0.11997
0.11562
0.11133
0.1071
0.10294
0.098838
0.094808
0.090851
0.086969
0.083162
0.079433
0.075784
0.072215
0.068728
0.065324
0.062002
0.058764
0.055609
0.052538
0.049551
0.046646
0.043825
0.041085
0.038427
0.035849
0.03335
0.03093
0.028588
0.026321
0.024128
0.022009
0.019962
0.017984
0.016076
0.014234
0.012458
0.010745
0.0090948
0.0075049
