0
0.0021052
0.0042904
0.0065579
0.0089098
0.011348
0.013876
0.016494
0.019205
0.022011
0.024914
0.027915
0.031017
0.034222
0.03753
0.040943
0.044463
0.04809
0.051827
0.055672
0.059628
0.063694
0.067871
0.072159
0.076557
0.081065
0.085682
0.090408
0.095239
0.10018
0.10522
0.11036
0.1156
0.12093
0.12636
0.13188
0.13748
0.14316
0.14892
0.15475
0.16065
0.16661
0.17262
0.17869
0.1848
0.19094
0.19683
0.20228
0.20719
0.21148
0.21505
0.21782
0.21973
0.22073
0.22078
0.21988
0.21804
0.2153
0.21171
0.20734
0.20229
0.19665
0.1905
0.18396
0.17713
0.17034
0.16365
0.15708
0.15061
0.14426
0.13802
0.13191
0.12593
0.12007
0.11434
0.10875
0.10328
0.097949
0.092751
0.087688
0.082758
0.077963
0.073301
0.068772
0.064375
0.060108
0.05597
0.05196
0.048075
0.044315
0.040676
0.037157
0.033755
0.030469
0.027295
0.024231
0.021275
0.018424
0.015675
0.013026
0.010474
