0
0.0015688
0.0031972
0.004887
0.0066396
0.0084568
0.01034
0.012291
0.014312
0.016403
0.018566
0.020803
0.023114
0.025502
0.027967
0.030511
0.033134
0.035837
0.038621
0.041487
0.044435
0.047465
0.050578
0.053773
0.057051
0.06041
0.063851
0.067372
0.070973
0.074652
0.078408
0.082239
0.086144
0.09012
0.094164
0.098275
0.10245
0.10668
0.11097
0.11532
0.11971
0.12416
0.12864
0.13316
0.13771
0.1423
0.1469
0.15153
0.15617
0.16082
0.16548
0.17013
0.17479
0.17943
0.18405
0.18866
0.19324
0.19779
0.20211
0.20603
0.2095
0.21243
0.21478
0.21648
0.21748
0.21774
0.21723
0.21593
0.21386
0.21102
0.20746
0.20322
0.19836
0.19297
0.18711
0.18087
0.17432
0.16754
0.16061
0.15362
0.14677
0.14011
0.13363
0.12734
0.12123
0.1153
0.10955
0.10398
0.098583
0.093358
0.088303
0.083413
0.078687
0.074121
0.069711
0.065454
0.061347
0.057386
0.053567
0.049886
0.04634
