0
0.0017626
0.0035921
0.0054906
0.0074597
0.0095014
0.011617
0.013809
0.016079
0.018429
0.020859
0.023372
0.025969
0.028652
0.031422
0.03428
0.037227
0.040264
0.043392
0.046606
0.049901
0.053274
0.056723
0.060242
0.063829
0.067477
0.07118
0.07493
0.078719
0.082538
0.086376
0.09022
0.094057
0.097872
0.10165
0.10537
0.10902
0.11258
0.11603
0.11933
0.12248
0.12546
0.12823
0.13077
0.13307
0.1351
0.13685
0.1383
0.13943
0.14024
0.14071
0.14083
0.14062
0.14007
0.13918
0.13796
0.13643
0.13459
0.13248
0.13009
0.12747
0.12462
0.12157
0.11834
0.11496
0.11145
0.10782
0.10411
0.10033
0.096497
0.092632
0.08875
0.084866
0.080993
0.077144
0.07333
0.069559
0.06584
0.062181
0.058587
0.055064
0.051617
0.048248
0.044962
0.041759
0.038644
0.035621
0.032691
0.029853
0.027106
0.024448
0.021877
0.019392
0.016992
0.014673
0.012435
0.010275
0.0081925
0.0061845
0.0042493
0.002385
