0.015463
0.016997
0.01859
0.020242
0.021956
0.023733
0.025575
0.027482
0.029458
0.031503
0.033618
0.035805
0.038062
0.04038
0.042755
0.045186
0.047668
0.050196
0.052764
0.055367
0.057995
0.060642
0.063295
0.065945
0.068579
0.071184
0.073745
0.076247
0.078673
0.081006
0.083231
0.085328
0.087282
0.089076
0.090694
0.092123
0.09335
0.094365
0.095159
0.095727
0.096065
0.096173
0.096053
0.095708
0.095147
0.094377
0.093409
0.092255
0.090927
0.089439
0.087806
0.086042
0.084161
0.082178
0.080106
0.07796
0.075751
0.073492
0.071193
0.068865
0.066518
0.06416
0.061799
0.059443
0.057098
0.054773
0.052482
0.050228
0.048012
0.045836
0.043701
0.041607
0.039557
0.03755
0.035587
0.033669
0.031797
0.02997
0.02819
0.026455
0.024766
0.023123
0.021526
0.019974
0.018467
0.017005
0.015588
0.014214
0.012883
0.011594
0.010348
0.0091419
0.0079765
0.0068505
0.0057631
0.0047134
0.0037006
0.0027237
0.001782
0.00087436
0
