0
0.0025278
0.0051518
0.0078745
0.010699
0.013627
0.016661
0.019805
0.023061
0.02643
0.029916
0.03352
0.037245
0.041093
0.045065
0.049164
0.05339
0.057746
0.062232
0.06685
0.0716
0.076482
0.081498
0.086647
0.091928
0.097341
0.10289
0.10856
0.11436
0.12029
0.12634
0.13252
0.13881
0.14521
0.15173
0.15835
0.16508
0.1719
0.17882
0.18582
0.1929
0.20006
0.20728
0.21456
0.2219
0.22929
0.23671
0.24417
0.25164
0.25914
0.26659
0.27367
0.28024
0.28622
0.29151
0.29601
0.29964
0.3023
0.30394
0.3045
0.30396
0.30229
0.29952
0.29569
0.29083
0.28504
0.27841
0.27102
0.263
0.25445
0.24548
0.23618
0.22667
0.21712
0.20778
0.19864
0.18973
0.18103
0.17255
0.16429
0.15625
0.14843
0.14082
0.13343
0.12626
0.1193
0.11255
0.10601
0.099672
0.093537
0.087601
0.08186
0.076311
0.07095
0.065772
0.060774
0.055952
0.051301
0.046817
0.042495
0.038332
