0
0.0013948
0.0028427
0.0043451
0.0059035
0.0075192
0.0091937
0.010928
0.012725
0.014584
0.016507
0.018496
0.020552
0.022675
0.024867
0.027128
0.02946
0.031864
0.034339
0.036887
0.039508
0.042203
0.04497
0.047811
0.050725
0.053712
0.056771
0.059902
0.063104
0.066375
0.069715
0.073121
0.076593
0.080119
0.083693
0.087309
0.09096
0.09464
0.098341
0.10205
0.10577
0.10948
0.11317
0.11683
0.12045
0.12401
0.12749
0.13089
0.13418
0.13735
0.14038
0.14325
0.14593
0.14842
0.15068
0.15271
0.15448
0.15597
0.15718
0.15807
0.15865
0.1589
0.15881
0.15838
0.15761
0.1565
0.15505
0.15328
0.1512
0.14882
0.14616
0.14324
0.14007
0.1367
0.13313
0.12939
0.12551
0.12152
0.11742
0.11326
0.10905
0.1048
0.10055
0.096297
0.092069
0.087876
0.083731
0.079645
0.075626
0.071684
0.067825
0.064055
0.060377
0.056796
0.053314
0.049934
0.046655
0.043479
0.040406
0.037436
0.034567
