0
0.00069191
0.0014101
0.0021554
0.0029284
0.0037299
0.0045605
0.005421
0.0063121
0.0072344
0.0081884
0.009175
0.010195
0.011248
0.012335
0.013457
0.014614
0.015806
0.017034
0.018298
0.019598
0.020935
0.022307
0.023717
0.025162
0.026644
0.028161
0.029714
0.031303
0.032925
0.034582
0.036272
0.037994
0.039747
0.041531
0.043344
0.045185
0.047053
0.048945
0.050862
0.0528
0.054759
0.056736
0.05873
0.060738
0.06276
0.064792
0.066832
0.068879
0.070931
0.072984
0.075038
0.077089
0.079136
0.081177
0.083209
0.08523
0.087239
0.089233
0.09121
0.093169
0.095107
0.097023
0.098916
0.1006
0.10161
0.10188
0.10135
0.10002
0.097925
0.095145
0.091787
0.088221
0.08473
0.081317
0.077982
0.074726
0.071549
0.068452
0.065434
0.062497
0.05964
0.056862
0.054163
0.051543
0.049001
0.046535
0.044145
0.041831
0.03959
0.037422
0.035325
0.033298
0.03134
0.029449
0.027623
0.025862
0.024163
0.022525
0.020946
0.019426
