0.040124
0.042827
0.045624
0.04851
0.051484
0.054544
0.057686
0.060907
0.064202
0.067564
0.070987
0.07446
0.077974
0.081518
0.085077
0.088637
0.092182
0.095693
0.099152
0.10254
0.10583
0.10901
0.11204
0.11492
0.11762
0.12011
0.12239
0.12443
0.12621
0.12773
0.12898
0.12994
0.13063
0.13102
0.13114
0.13098
0.13055
0.12987
0.12894
0.12777
0.12639
0.12481
0.12304
0.1211
0.119
0.11677
0.11441
0.11194
0.10938
0.10674
0.10404
0.10127
0.098461
0.095617
0.092748
0.089863
0.086972
0.084096
0.081241
0.07841
0.075605
0.072829
0.070085
0.067375
0.064701
0.062065
0.059469
0.056915
0.054404
0.051938
0.049518
0.047146
0.044823
0.042549
0.040325
0.038152
0.03603
0.03396
0.031942
0.029976
0.028063
0.026201
0.024391
0.022633
0.020926
0.019269
0.017663
0.016106
0.014598
0.013138
0.011725
0.010359
0.0090384
0.0077625
0.0065303
0.0053409
0.0041932
0.0030863
0.0020192
0.00099076
0
