0
0.0019706
0.0040162
0.0061388
0.0083404
0.010623
0.012989
0.01544
0.017978
0.020604
0.023322
0.026131
0.029035
0.032035
0.035131
0.038327
0.041622
0.045017
0.048515
0.052114
0.055817
0.059624
0.063534
0.067548
0.071665
0.075885
0.080207
0.08463
0.089153
0.093775
0.098493
0.10331
0.10821
0.1132
0.11828
0.12345
0.12869
0.13401
0.13934
0.14461
0.14978
0.15483
0.15972
0.16441
0.16884
0.17299
0.1768
0.18023
0.18324
0.18578
0.18782
0.18933
0.19028
0.19065
0.19045
0.18966
0.1883
0.18638
0.18393
0.18097
0.17755
0.17372
0.1695
0.16496
0.16013
0.15507
0.14983
0.14443
0.13893
0.13336
0.12775
0.12214
0.11658
0.11114
0.10582
0.10062
0.095546
0.090595
0.085768
0.081065
0.076488
0.072034
0.067705
0.063499
0.059415
0.055453
0.05161
0.047886
0.044279
0.040786
0.037407
0.034139
0.03098
0.027928
0.024981
0.022136
0.01939
0.016743
0.01419
0.01173
0.00936
