0.021687
0.023412
0.025201
0.027059
0.028985
0.030982
0.033052
0.035197
0.037417
0.039716
0.042093
0.044552
0.047093
0.049717
0.052427
0.055223
0.058106
0.061077
0.064137
0.067287
0.070527
0.073858
0.077265
0.080658
0.083999
0.087255
0.090393
0.093378
0.096172
0.098738
0.10104
0.10305
0.10474
0.10608
0.10707
0.10768
0.10792
0.1078
0.10732
0.10651
0.10539
0.10399
0.10232
0.10043
0.09835
0.096097
0.093752
0.091395
0.089031
0.086662
0.08429
0.081918
0.079549
0.077185
0.074828
0.072481
0.070147
0.067827
0.065524
0.063241
0.060979
0.05874
0.056527
0.054341
0.052184
0.050058
0.047964
0.045904
0.043879
0.04189
0.039939
0.038026
0.036152
0.034317
0.032524
0.030771
0.02906
0.02739
0.025763
0.024177
0.022634
0.021132
0.019673
0.018254
0.016877
0.015541
0.014246
0.01299
0.011774
0.010596
0.0094569
0.008355
0.0072899
0.0062608
0.005267
0.0043076
0.003382
0.0024893
0.0016286
0.00079909
0
