0.013897
0.017313
0.020859
0.024538
0.028354
0.03231
0.036411
0.040659
0.045058
0.049611
0.054321
0.059191
0.064224
0.069423
0.074791
0.080329
0.08604
0.091926
0.097988
0.10423
0.11065
0.11724
0.12402
0.13098
0.13811
0.14543
0.15292
0.16059
0.16843
0.17644
0.18462
0.19296
0.20146
0.21011
0.21892
0.22787
0.23696
0.24618
0.25552
0.26498
0.27455
0.28422
0.29398
0.30382
0.31374
0.32178
0.32462
0.32196
0.31451
0.30614
0.29776
0.28938
0.28101
0.27266
0.26433
0.25604
0.2478
0.2396
0.23147
0.2234
0.21541
0.2075
0.19969
0.19196
0.18434
0.17683
0.16944
0.16216
0.15501
0.14798
0.14109
0.13433
0.12771
0.12123
0.11489
0.1087
0.10266
0.096758
0.091009
0.085408
0.079956
0.074651
0.069495
0.064485
0.059621
0.054901
0.050324
0.045888
0.041592
0.037432
0.033407
0.029514
0.025752
0.022117
0.018606
0.015217
0.011947
0.0087935
0.005753
0.0028228
0
