0.050129
0.053944
0.057904
0.062013
0.066275
0.070694
0.075274
0.080018
0.084931
0.090016
0.095277
0.10072
0.10634
0.11214
0.11814
0.12432
0.1307
0.13728
0.14405
0.15102
0.15818
0.16553
0.17285
0.18006
0.18709
0.19387
0.20032
0.20635
0.21189
0.21687
0.2212
0.22484
0.22774
0.22986
0.23118
0.2317
0.23144
0.23042
0.22869
0.22629
0.22329
0.21975
0.21572
0.21128
0.2065
0.2016
0.19668
0.19173
0.18677
0.1818
0.17683
0.17185
0.16688
0.16192
0.15698
0.15205
0.14716
0.14229
0.13746
0.13267
0.12792
0.12323
0.11858
0.114
0.10947
0.10501
0.10062
0.0963
0.092051
0.087879
0.083785
0.079771
0.07584
0.071992
0.06823
0.064553
0.060963
0.057461
0.054046
0.05072
0.047482
0.044332
0.04127
0.038295
0.035406
0.032603
0.029885
0.027251
0.024699
0.022229
0.019839
0.017527
0.015293
0.013134
0.011049
0.0090368
0.0070949
0.0052221
0.0034165
0.0016764
0
