0
0.0028713
0.0058518
0.0089444
0.012152
0.015478
0.018925
0.022496
0.026194
0.030021
0.03398
0.038074
0.042305
0.046676
0.051188
0.055843
0.060644
0.065592
0.070688
0.075933
0.081328
0.086874
0.092571
0.098419
0.10442
0.11057
0.11686
0.12331
0.1299
0.13663
0.14351
0.15052
0.15767
0.16494
0.17235
0.17987
0.18751
0.19526
0.20311
0.21107
0.21911
0.22724
0.23544
0.24372
0.25205
0.26044
0.26887
0.27734
0.28583
0.29435
0.30287
0.31139
0.3199
0.3284
0.33687
0.3453
0.35369
0.36202
0.3703
0.3785
0.38663
0.39467
0.40263
0.41048
0.41823
0.42587
0.43339
0.4408
0.44807
0.45522
0.46223
0.46911
0.47584
0.48243
0.48888
0.49517
0.50132
0.50732
0.51317
0.51887
0.52335
0.52541
0.52478
0.5213
0.51488
0.50557
0.49352
0.47901
0.46238
0.44404
0.42452
0.40529
0.38671
0.36875
0.35141
0.33467
0.31852
0.30295
0.28793
0.27346
0.25951
