0.09668
0.10186
0.10716
0.11255
0.11803
0.12358
0.12919
0.13483
0.14048
0.14613
0.15174
0.15729
0.16275
0.16809
0.17327
0.17827
0.18305
0.18759
0.19185
0.19581
0.19944
0.20272
0.20563
0.20815
0.21028
0.21201
0.21333
0.21424
0.21474
0.21485
0.21458
0.21393
0.21293
0.21158
0.20991
0.20794
0.20569
0.20317
0.20041
0.19743
0.19425
0.19088
0.18735
0.18367
0.17986
0.17594
0.17192
0.16781
0.16364
0.1594
0.15512
0.15081
0.14647
0.14212
0.13778
0.13346
0.12916
0.12489
0.12065
0.11644
0.11228
0.10816
0.10408
0.10006
0.096086
0.092172
0.088316
0.084523
0.080794
0.077132
0.073539
0.070016
0.066565
0.063188
0.059886
0.056659
0.053508
0.050434
0.047437
0.044518
0.041676
0.038911
0.036223
0.033612
0.031076
0.028616
0.026231
0.023918
0.021679
0.019511
0.017413
0.015384
0.013423
0.011528
0.009698
0.0079316
0.0062273
0.0045835
0.0029987
0.0014714
0
