0
0.001835
0.0037397
0.0057162
0.0077663
0.0098918
0.012095
0.014377
0.01674
0.019186
0.021716
0.024333
0.027037
0.02983
0.032713
0.035688
0.038756
0.041918
0.045175
0.048527
0.051975
0.055519
0.05916
0.062898
0.066731
0.070661
0.074685
0.078804
0.083016
0.08732
0.091713
0.096194
0.10076
0.10541
0.11014
0.11495
0.11983
0.12479
0.1298
0.13487
0.13999
0.14516
0.15036
0.15559
0.16085
0.16612
0.1714
0.17668
0.18194
0.18719
0.1924
0.19756
0.20268
0.20772
0.21269
0.21756
0.22233
0.22697
0.23148
0.23583
0.24001
0.24401
0.2478
0.25137
0.2547
0.25777
0.26056
0.26305
0.26523
0.26707
0.26856
0.26968
0.27041
0.27074
0.27066
0.27015
0.26921
0.26783
0.26602
0.26376
0.26106
0.25794
0.2544
0.25046
0.24614
0.24145
0.23643
0.23109
0.22546
0.21958
0.21348
0.20719
0.20074
0.19416
0.18748
0.18074
0.17396
0.16717
0.16039
0.15365
0.14697
