0
0.0026915
0.0054854
0.0083844
0.011391
0.014509
0.01774
0.021088
0.024554
0.028141
0.031853
0.03569
0.039656
0.043753
0.047983
0.052347
0.056847
0.061485
0.066261
0.071178
0.076236
0.081434
0.086775
0.092257
0.09788
0.10364
0.10955
0.11559
0.12177
0.12808
0.13452
0.1411
0.14779
0.15461
0.16155
0.16861
0.17577
0.18303
0.1904
0.19785
0.20539
0.21301
0.2207
0.22846
0.23627
0.24413
0.25204
0.25997
0.26794
0.27592
0.28348
0.28926
0.2929
0.29422
0.29311
0.28962
0.28391
0.27624
0.26729
0.25833
0.24946
0.24068
0.23201
0.22343
0.21498
0.20664
0.19843
0.19035
0.18241
0.17461
0.16696
0.15946
0.15211
0.14492
0.13789
0.13101
0.1243
0.11776
0.11138
0.10516
0.099107
0.093219
0.087495
0.081934
0.076535
0.071296
0.066216
0.061292
0.056523
0.051906
0.047438
0.043117
0.038941
0.034906
0.031009
0.027247
0.023618
0.020117
0.016742
0.01349
0.010357
