0
0.0027685
0.0056423
0.0086242
0.011717
0.014924
0.018248
0.021691
0.025256
0.028946
0.032764
0.036711
0.040791
0.045005
0.049355
0.053844
0.058473
0.063243
0.068157
0.073214
0.078416
0.083764
0.089257
0.094895
0.10068
0.10661
0.11268
0.11889
0.12525
0.13174
0.13837
0.14513
0.15202
0.15904
0.16617
0.17343
0.18079
0.18827
0.19584
0.20351
0.21126
0.2191
0.22701
0.23499
0.24303
0.25111
0.25925
0.26741
0.2756
0.28381
0.29203
0.30024
0.30845
0.31664
0.32481
0.33294
0.34103
0.34906
0.35704
0.36495
0.37279
0.38054
0.38821
0.39578
0.39118
0.37751
0.36404
0.35079
0.33777
0.32498
0.31243
0.30012
0.28807
0.27627
0.26474
0.25347
0.24246
0.23172
0.22126
0.21106
0.20113
0.19148
0.18209
0.17297
0.16411
0.15552
0.14719
0.13911
0.13129
0.12372
0.11639
0.1093
0.10245
0.095834
0.089443
0.083273
0.07732
0.071579
0.066043
0.060709
0.05557
