0.0023339
0.003823
0.0053687
0.0069725
0.0086361
0.010361
0.012149
0.014001
0.015918
0.017903
0.019956
0.022079
0.024274
0.02654
0.02888
0.031294
0.033784
0.03635
0.038993
0.041713
0.044511
0.047387
0.050342
0.053374
0.056485
0.059674
0.06294
0.066282
0.0697
0.073192
0.076757
0.080394
0.0841
0.087874
0.091713
0.095614
0.099576
0.10356
0.10743
0.11117
0.11472
0.11804
0.12109
0.12383
0.12621
0.12819
0.12974
0.13084
0.13146
0.13159
0.13123
0.13038
0.12908
0.12734
0.12519
0.12267
0.11982
0.11668
0.11331
0.10973
0.10599
0.10214
0.098291
0.09449
0.09074
0.087043
0.083402
0.07982
0.076299
0.07284
0.069447
0.06612
0.062862
0.059672
0.056553
0.053506
0.05053
0.047628
0.044797
0.042041
0.039357
0.036746
0.034207
0.031741
0.029347
0.027024
0.024771
0.022588
0.020473
0.018425
0.016444
0.014528
0.012676
0.010886
0.0091584
0.0074903
0.0058808
0.0043284
0.0028318
0.0013895
0
