0
0.0021547
0.0043913
0.0067121
0.0091193
0.011615
0.014202
0.016882
0.019656
0.022528
0.025499
0.028572
0.031747
0.035026
0.038412
0.041906
0.045508
0.049221
0.053045
0.056981
0.06103
0.065192
0.069467
0.073855
0.078357
0.082971
0.087697
0.092533
0.097479
0.10253
0.10769
0.11295
0.11832
0.12378
0.12933
0.13498
0.14071
0.14653
0.15242
0.15839
0.16442
0.17052
0.17668
0.18289
0.18914
0.19544
0.20177
0.20812
0.2145
0.22088
0.22728
0.23367
0.24006
0.24644
0.25279
0.25912
0.26357
0.2633
0.25824
0.25001
0.24172
0.23351
0.2254
0.21738
0.20948
0.20168
0.19401
0.18645
0.17903
0.17174
0.16458
0.15757
0.1507
0.14397
0.1374
0.13097
0.1247
0.11858
0.11261
0.1068
0.10114
0.095637
0.090285
0.085086
0.080038
0.07514
0.07039
0.065786
0.061327
0.05701
0.052833
0.048794
0.044889
0.041116
0.037473
0.033956
0.030562
0.027289
0.024134
0.021093
0.018164
