0
0.001557
0.0031732
0.0048502
0.0065897
0.0083933
0.010262
0.012199
0.014204
0.016279
0.018426
0.020646
0.022941
0.025311
0.027757
0.030282
0.032885
0.035568
0.038331
0.041176
0.044101
0.047109
0.050198
0.053369
0.056622
0.059956
0.063371
0.066866
0.07044
0.074091
0.077819
0.081621
0.085497
0.089442
0.093457
0.097536
0.10168
0.10588
0.11014
0.11445
0.11881
0.12322
0.12767
0.13216
0.13668
0.14123
0.1458
0.15037
0.15493
0.15945
0.16393
0.16835
0.17269
0.17695
0.1811
0.18513
0.18902
0.19274
0.19628
0.19961
0.20271
0.20556
0.20814
0.21041
0.21237
0.21398
0.21523
0.21609
0.21656
0.2166
0.21622
0.21541
0.21416
0.21247
0.21034
0.20779
0.20483
0.20147
0.19775
0.19368
0.18929
0.18462
0.17969
0.17454
0.1692
0.16371
0.1581
0.1524
0.14664
0.14085
0.13506
0.1293
0.12357
0.11791
0.11232
0.10683
0.10145
0.096183
0.091042
0.086034
0.081163
