0
0.0012368
0.0025207
0.0038528
0.0052346
0.0066672
0.008152
0.0096902
0.011283
0.012932
0.014637
0.016401
0.018223
0.020106
0.022049
0.024055
0.026122
0.028254
0.030449
0.032708
0.035032
0.037421
0.039875
0.042394
0.044978
0.047627
0.050339
0.053115
0.055954
0.058855
0.061816
0.064834
0.067888
0.070967
0.074061
0.077161
0.080255
0.083331
0.086376
0.089373
0.092307
0.095161
0.097915
0.10055
0.10305
0.10539
0.10754
0.1095
0.11124
0.11274
0.11398
0.11496
0.11565
0.11604
0.11614
0.11593
0.11543
0.11463
0.11353
0.11216
0.11052
0.10864
0.10653
0.1042
0.10169
0.099013
0.096192
0.093249
0.090206
0.087083
0.0839
0.080674
0.077423
0.074163
0.070906
0.067665
0.064452
0.061276
0.058145
0.055067
0.052048
0.049106
0.046246
0.043468
0.04077
0.038153
0.035614
0.033154
0.030771
0.028465
0.026232
0.024074
0.021987
0.019971
0.018024
0.016144
0.014331
0.012582
0.010896
0.0092707
0.0077052
