0
0.0017223
0.00351
0.0053651
0.0072892
0.0092842
0.011352
0.013494
0.015712
0.018007
0.020382
0.022838
0.025376
0.027997
0.030704
0.033496
0.036376
0.039343
0.0424
0.045546
0.048782
0.052109
0.055526
0.059034
0.062632
0.066321
0.070098
0.073964
0.077917
0.081956
0.086079
0.090286
0.094572
0.098937
0.10338
0.10789
0.11247
0.11712
0.12183
0.1266
0.13143
0.1363
0.14122
0.14619
0.15119
0.15622
0.16128
0.16636
0.17145
0.17656
0.18167
0.18678
0.19189
0.19698
0.20206
0.20712
0.21169
0.21374
0.21285
0.20905
0.20274
0.19591
0.18916
0.1825
0.17592
0.16943
0.16305
0.15676
0.15059
0.14452
0.13857
0.13273
0.12702
0.12142
0.11595
0.11061
0.10539
0.1003
0.095334
0.090498
0.08579
0.081211
0.076759
0.072433
0.068234
0.064159
0.060207
0.056377
0.052667
0.049076
0.045601
0.04224
0.038992
0.035853
0.032822
0.029896
0.027073
0.02435
0.021725
0.019195
0.016758
