0.037767
0.04109
0.04454
0.04812
0.051833
0.055682
0.059672
0.063805
0.068085
0.072514
0.077097
0.081836
0.086715
0.091717
0.096835
0.10206
0.10738
0.11278
0.11825
0.12377
0.12931
0.13486
0.1404
0.14588
0.15129
0.15658
0.16173
0.1667
0.17145
0.17594
0.18014
0.18401
0.18752
0.19063
0.19333
0.19558
0.19737
0.19868
0.19952
0.19987
0.19975
0.19915
0.1981
0.19661
0.19471
0.19242
0.18976
0.18678
0.18349
0.17993
0.17612
0.1721
0.1679
0.16355
0.15906
0.15446
0.14979
0.14505
0.14027
0.13546
0.13065
0.12586
0.12111
0.11643
0.11181
0.10725
0.10277
0.098354
0.094015
0.089754
0.085572
0.081473
0.077458
0.073528
0.069685
0.06593
0.062263
0.058686
0.055199
0.051802
0.048495
0.045278
0.04215
0.039112
0.036162
0.033299
0.030523
0.027832
0.025226
0.022703
0.020262
0.017901
0.015619
0.013414
0.011285
0.0092295
0.0072463
0.0053335
0.0034894
0.0017121
0
