0.0092164
0.013897
0.018756
0.023797
0.029026
0.034448
0.040068
0.045889
0.051917
0.058155
0.06461
0.071283
0.078181
0.085305
0.092661
0.10025
0.10808
0.11614
0.12445
0.133
0.14179
0.15083
0.16012
0.16966
0.17943
0.18946
0.19972
0.21023
0.22097
0.23195
0.24316
0.25459
0.26624
0.2781
0.29017
0.30243
0.31488
0.32752
0.34032
0.35329
0.3664
0.37965
0.39302
0.40651
0.4201
0.43377
0.44752
0.46132
0.47129
0.46498
0.45225
0.43953
0.42681
0.41413
0.40148
0.38889
0.37637
0.36392
0.35157
0.33931
0.32718
0.31517
0.30329
0.29156
0.27999
0.26858
0.25735
0.2463
0.23543
0.22476
0.21429
0.20402
0.19397
0.18413
0.1745
0.1651
0.15592
0.14696
0.13823
0.12972
0.12144
0.11338
0.10555
0.097943
0.090555
0.083386
0.076435
0.069697
0.063171
0.056853
0.05074
0.044828
0.039113
0.033592
0.02826
0.023112
0.018146
0.013356
0.008738
0.0042875
0
