0.0019714
0.0047587
0.0076519
0.010654
0.013768
0.016997
0.020343
0.023809
0.027399
0.031114
0.034958
0.038932
0.043039
0.047282
0.051662
0.056181
0.060841
0.065644
0.070591
0.075683
0.08092
0.086304
0.091834
0.097512
0.10333
0.1093
0.11542
0.12167
0.12807
0.13461
0.14128
0.14809
0.15503
0.16209
0.16927
0.17658
0.18399
0.19152
0.19914
0.20686
0.21467
0.22256
0.23053
0.23856
0.24665
0.25479
0.26298
0.27097
0.27674
0.27952
0.27911
0.27554
0.26909
0.2611
0.25313
0.24519
0.2373
0.22945
0.22166
0.21393
0.20628
0.19871
0.19122
0.18383
0.17653
0.16934
0.16226
0.15529
0.14844
0.14171
0.13511
0.12863
0.12229
0.11609
0.11002
0.10409
0.098305
0.092657
0.087152
0.081788
0.076567
0.071487
0.066549
0.061752
0.057094
0.052574
0.048191
0.043943
0.039829
0.035845
0.031991
0.028264
0.02466
0.021179
0.017817
0.014572
0.011441
0.0084208
0.0055092
0.0027032
0
