0
0.0018146
0.0036983
0.0056528
0.0076801
0.0097821
0.011961
0.014217
0.016554
0.018973
0.021475
0.024063
0.026737
0.029499
0.03235
0.035293
0.038327
0.041453
0.044674
0.047989
0.051399
0.054904
0.058504
0.0622
0.065991
0.069877
0.073857
0.07793
0.082095
0.086351
0.090696
0.095127
0.099644
0.10424
0.10892
0.11368
0.1185
0.1234
0.12837
0.13338
0.13836
0.14327
0.14807
0.15273
0.15723
0.16151
0.16554
0.16928
0.17268
0.17571
0.17833
0.1805
0.18218
0.18335
0.184
0.1841
0.18364
0.18264
0.18111
0.17905
0.17649
0.17348
0.17003
0.1662
0.16202
0.15755
0.15282
0.14788
0.14278
0.13755
0.13223
0.12685
0.12145
0.11606
0.1107
0.10546
0.10035
0.095356
0.09049
0.08575
0.081135
0.076646
0.072282
0.068042
0.063925
0.05993
0.056057
0.052302
0.048666
0.045145
0.041739
0.038445
0.03526
0.032184
0.029212
0.026344
0.023577
0.020908
0.018334
0.015854
0.013465
