0.078823
0.08526
0.091943
0.098877
0.10607
0.11353
0.12125
0.12926
0.13755
0.14613
0.15501
0.16419
0.17368
0.18347
0.19359
0.20403
0.21479
0.22589
0.23731
0.24907
0.26117
0.2736
0.28638
0.29949
0.31294
0.32672
0.34084
0.35529
0.37007
0.38517
0.40058
0.4163
0.43233
0.44864
0.46306
0.45609
0.44791
0.43961
0.4312
0.42268
0.41407
0.40536
0.39658
0.38771
0.37879
0.3698
0.36077
0.3517
0.34261
0.33349
0.32436
0.31524
0.30612
0.29702
0.28795
0.27892
0.26994
0.26101
0.25215
0.24336
0.23466
0.22604
0.21753
0.20911
0.20081
0.19263
0.18458
0.17665
0.16886
0.1612
0.15369
0.14633
0.13912
0.13206
0.12516
0.11841
0.11183
0.1054
0.09914
0.093039
0.087099
0.081321
0.075704
0.070246
0.064948
0.059806
0.05482
0.049988
0.045308
0.040776
0.036392
0.032152
0.028053
0.024093
0.020268
0.016577
0.013015
0.0095792
0.006267
0.0030751
0
