0
0.0014538
0.0029629
0.0045288
0.006153
0.007837
0.0095824
0.01139
0.013263
0.0152
0.017205
0.019278
0.02142
0.023633
0.025918
0.028275
0.030706
0.033211
0.035791
0.038447
0.041179
0.043987
0.046871
0.049832
0.05287
0.055983
0.059171
0.062435
0.065772
0.069181
0.072662
0.076212
0.079831
0.083515
0.087263
0.091072
0.09494
0.098864
0.10284
0.10687
0.11094
0.11506
0.11921
0.1234
0.12762
0.13187
0.13614
0.14042
0.14473
0.14904
0.15335
0.15767
0.16198
0.16628
0.17057
0.17483
0.17908
0.18318
0.18672
0.18958
0.19167
0.19291
0.19325
0.19264
0.19109
0.1886
0.18523
0.18106
0.17617
0.17067
0.16468
0.15832
0.15196
0.14575
0.13967
0.13372
0.12792
0.12227
0.11675
0.11137
0.10614
0.10105
0.096103
0.091296
0.086628
0.082099
0.077707
0.073451
0.069328
0.065336
0.061474
0.057739
0.054128
0.05064
0.047271
0.044019
0.040881
0.037855
0.034937
0.032126
0.029417
