0.094448
0.10004
0.10578
0.11167
0.11771
0.12387
0.13015
0.13653
0.14299
0.14951
0.15606
0.16263
0.16918
0.17568
0.18209
0.18838
0.19451
0.20044
0.20613
0.21154
0.21664
0.22139
0.22575
0.2297
0.2332
0.23624
0.2388
0.24087
0.24243
0.2435
0.24407
0.24415
0.24375
0.2429
0.2416
0.23989
0.23778
0.23531
0.23249
0.22936
0.22594
0.22226
0.21834
0.21421
0.2099
0.20542
0.2008
0.19605
0.19121
0.18628
0.18128
0.17623
0.17114
0.16605
0.16098
0.15593
0.15091
0.14592
0.14097
0.13606
0.13119
0.12637
0.12161
0.11691
0.11227
0.10769
0.10319
0.098757
0.0944
0.090122
0.085923
0.081807
0.077776
0.07383
0.069971
0.0662
0.062519
0.058927
0.055426
0.052015
0.048694
0.045464
0.042323
0.039272
0.03631
0.033435
0.030648
0.027947
0.02533
0.022796
0.020345
0.017975
0.015683
0.013469
0.011331
0.0092674
0.007276
0.0053554
0.0035037
0.0017191
0
