0.019128
0.020941
0.022815
0.024749
0.026743
0.028799
0.030914
0.033089
0.035322
0.037611
0.039956
0.042352
0.044799
0.047291
0.049825
0.052396
0.054998
0.057627
0.060273
0.062931
0.065592
0.068246
0.070884
0.073495
0.076068
0.078591
0.081052
0.083439
0.085738
0.087937
0.090023
0.091983
0.093805
0.095478
0.09699
0.098332
0.099496
0.10047
0.10126
0.10185
0.10224
0.10243
0.10242
0.10221
0.10181
0.10122
0.10044
0.099488
0.098368
0.097088
0.095659
0.094091
0.092394
0.09058
0.088659
0.086641
0.084539
0.082362
0.080121
0.077825
0.075484
0.073108
0.070704
0.06828
0.065845
0.063405
0.060966
0.058536
0.056118
0.053719
0.051343
0.048993
0.046674
0.044389
0.042141
0.039933
0.037766
0.035642
0.033564
0.031533
0.029549
0.027613
0.025727
0.02389
0.022103
0.020366
0.018678
0.01704
0.015452
0.013912
0.012421
0.010978
0.0095814
0.0082312
0.0069264
0.0056662
0.0044496
0.0032757
0.0021434
0.0010519
0
