0.094422
0.10078
0.10739
0.11424
0.12135
0.12872
0.13636
0.14427
0.15246
0.16094
0.16968
0.1786
0.18767
0.19687
0.20615
0.21549
0.22483
0.23412
0.2433
0.25232
0.26111
0.26959
0.27771
0.28538
0.29254
0.29912
0.30506
0.31031
0.31482
0.31855
0.32148
0.32359
0.32488
0.32536
0.32504
0.32394
0.32211
0.31959
0.31641
0.31263
0.3083
0.30348
0.29821
0.29255
0.28655
0.28025
0.2737
0.26694
0.26004
0.25312
0.24619
0.23926
0.23234
0.22544
0.21855
0.2117
0.20488
0.19811
0.19138
0.18471
0.1781
0.17157
0.1651
0.15872
0.15242
0.14621
0.14009
0.13408
0.12816
0.12235
0.11665
0.11106
0.10559
0.10023
0.094994
0.089875
0.084877
0.080001
0.075247
0.070616
0.066108
0.061723
0.057459
0.053317
0.049295
0.045393
0.041608
0.037941
0.034388
0.030949
0.027621
0.024403
0.021292
0.018286
0.015384
0.012582
0.0098781
0.0072706
0.0047567
0.002334
0
