0.098492
0.10543
0.11263
0.12009
0.12784
0.13587
0.1442
0.15282
0.16175
0.171
0.18056
0.19045
0.20067
0.21122
0.22212
0.23336
0.24496
0.25691
0.26921
0.28188
0.29491
0.30831
0.32207
0.33619
0.35068
0.36553
0.38074
0.3963
0.41222
0.42848
0.43994
0.43327
0.42647
0.41954
0.4125
0.40534
0.39807
0.39069
0.38321
0.37564
0.36799
0.36025
0.35244
0.34457
0.33663
0.32865
0.32063
0.31257
0.30448
0.29638
0.28827
0.28016
0.27205
0.26397
0.25591
0.24788
0.2399
0.23197
0.22409
0.21628
0.20854
0.20089
0.19332
0.18584
0.17847
0.1712
0.16404
0.15699
0.15006
0.14326
0.13659
0.13005
0.12364
0.11736
0.11123
0.10524
0.099383
0.093674
0.088108
0.082685
0.077407
0.072271
0.067279
0.062429
0.05772
0.053151
0.04872
0.044425
0.040266
0.036239
0.032342
0.028574
0.024931
0.021412
0.018013
0.014732
0.011566
0.0085132
0.0055696
0.0027329
0
