0
0.0026925
0.0054875
0.0083876
0.011396
0.014515
0.017747
0.021096
0.024563
0.028152
0.031865
0.035704
0.039672
0.04377
0.048001
0.052367
0.056869
0.061508
0.066287
0.071205
0.076265
0.081465
0.086808
0.092292
0.097917
0.10368
0.10959
0.11563
0.12181
0.12813
0.13457
0.14115
0.14785
0.15467
0.16162
0.16867
0.17583
0.1831
0.19047
0.19792
0.20547
0.21309
0.22078
0.22854
0.23636
0.24422
0.25213
0.26007
0.26804
0.27602
0.28401
0.29201
0.29999
0.30795
0.3159
0.3238
0.33167
0.33948
0.34724
0.35494
0.36256
0.3701
0.37756
0.38493
0.39219
0.39936
0.40641
0.41335
0.42018
0.42688
0.43281
0.43624
0.4368
0.43432
0.42875
0.42018
0.40888
0.39522
0.37967
0.36389
0.34853
0.33359
0.31906
0.30495
0.29125
0.27795
0.26506
0.25256
0.24046
0.22874
0.2174
0.20643
0.19584
0.18559
0.1757
0.16616
0.15695
0.14806
0.1395
0.13124
0.12329
