0.14967
0.15828
0.16722
0.17649
0.18611
0.19609
0.20642
0.21713
0.22822
0.2397
0.25157
0.26385
0.27654
0.28964
0.30317
0.31713
0.33153
0.34637
0.36165
0.37738
0.39356
0.40175
0.39768
0.39315
0.3885
0.38373
0.37885
0.37386
0.36875
0.36353
0.3582
0.35277
0.34723
0.34159
0.33586
0.33003
0.32411
0.3181
0.31201
0.30585
0.29962
0.29332
0.28696
0.28055
0.27409
0.26759
0.26105
0.25449
0.24791
0.24131
0.23471
0.2281
0.22151
0.21492
0.20836
0.20183
0.19533
0.18887
0.18245
0.1761
0.1698
0.16356
0.1574
0.15131
0.14531
0.13939
0.13356
0.12782
0.12218
0.11664
0.11121
0.10588
0.10066
0.095558
0.090563
0.085683
0.080918
0.076269
0.071738
0.067323
0.063025
0.058844
0.054779
0.05083
0.046996
0.043276
0.039668
0.036171
0.032784
0.029506
0.026333
0.023265
0.020299
0.017433
0.014666
0.011995
0.0094173
0.0069314
0.0045348
0.0022251
0
