0.035691
0.038512
0.041428
0.04444
0.047547
0.050749
0.054043
0.05743
0.060905
0.064465
0.068106
0.071823
0.075609
0.079458
0.083359
0.087304
0.09128
0.095276
0.099277
0.10327
0.10723
0.11115
0.115
0.11877
0.12244
0.12598
0.12937
0.13258
0.13561
0.13843
0.14101
0.14335
0.14542
0.1472
0.1487
0.1499
0.15079
0.15137
0.15164
0.1516
0.15126
0.15062
0.1497
0.1485
0.14704
0.14533
0.14339
0.14124
0.13888
0.13635
0.13365
0.1308
0.12782
0.12473
0.12155
0.11827
0.11493
0.11154
0.1081
0.10463
0.10113
0.097635
0.094135
0.090643
0.087168
0.083716
0.080295
0.07691
0.073567
0.07027
0.067023
0.063831
0.060696
0.057621
0.05461
0.051667
0.048794
0.045991
0.043258
0.040596
0.038004
0.035483
0.033032
0.030651
0.028339
0.026095
0.02392
0.021811
0.019769
0.017792
0.015879
0.014029
0.01224
0.010512
0.0088437
0.0072329
0.0056787
0.0041797
0.0027345
0.0013417
0
