0
0.00089199
0.0018179
0.0027786
0.0037752
0.0048084
0.0058793
0.0069886
0.0081373
0.0093262
0.010556
0.011828
0.013142
0.0145
0.015902
0.017348
0.018839
0.020376
0.02196
0.023589
0.025265
0.026988
0.028758
0.030575
0.032438
0.034348
0.036305
0.038307
0.040354
0.042446
0.044582
0.04676
0.04898
0.051241
0.05354
0.055877
0.058251
0.060658
0.063098
0.065569
0.068068
0.070593
0.073142
0.075712
0.078301
0.080907
0.083527
0.086157
0.088796
0.091441
0.094089
0.096736
0.099381
0.10202
0.10465
0.10727
0.10988
0.11247
0.11504
0.11758
0.12011
0.12261
0.12508
0.12752
0.12993
0.1323
0.1345
0.13634
0.13777
0.13873
0.1392
0.13912
0.13848
0.13728
0.13551
0.13319
0.13036
0.12707
0.12337
0.11933
0.11501
0.11048
0.10579
0.10112
0.096573
0.092165
0.08789
0.083747
0.079734
0.07585
0.07209
0.068455
0.064941
0.061546
0.058267
0.055102
0.052048
0.049103
0.046263
0.043526
0.04089
