0.01583
0.01991
0.024146
0.028541
0.0331
0.037827
0.042726
0.047801
0.053056
0.058495
0.064122
0.06994
0.075953
0.082164
0.088577
0.095193
0.10202
0.10905
0.11629
0.12374
0.13141
0.13929
0.14739
0.1557
0.16423
0.17296
0.18191
0.19107
0.20044
0.21001
0.21978
0.22975
0.2399
0.25024
0.26076
0.27146
0.28231
0.29333
0.30449
0.31579
0.32722
0.33877
0.35044
0.36219
0.37404
0.38596
0.39788
0.38948
0.3794
0.36931
0.3592
0.34909
0.339
0.32892
0.31888
0.30888
0.29893
0.28904
0.27923
0.2695
0.25986
0.25032
0.24089
0.23157
0.22238
0.21332
0.2044
0.19562
0.18699
0.17851
0.1702
0.16205
0.15406
0.14624
0.1386
0.13113
0.12384
0.11672
0.10979
0.10303
0.096454
0.090055
0.083834
0.077791
0.071923
0.066229
0.060708
0.055357
0.050174
0.045156
0.0403
0.035605
0.031066
0.02668
0.022445
0.018357
0.014412
0.010608
0.0069401
0.0034053
0
