0.048492
0.052076
0.055796
0.059656
0.06366
0.067811
0.072114
0.076571
0.081181
0.085921
0.090781
0.095754
0.10083
0.106
0.11124
0.11655
0.1219
0.12728
0.13265
0.13799
0.14327
0.14847
0.15355
0.15846
0.16319
0.16769
0.17192
0.17586
0.17946
0.18271
0.18556
0.188
0.19
0.19157
0.19268
0.19333
0.19354
0.19329
0.19262
0.19153
0.19004
0.18818
0.18596
0.18343
0.1806
0.1775
0.17416
0.17061
0.16687
0.16297
0.15893
0.15478
0.15053
0.14621
0.14184
0.13742
0.133
0.1286
0.12423
0.1199
0.11561
0.11137
0.10717
0.10303
0.098939
0.094908
0.090938
0.087032
0.083193
0.079422
0.075722
0.072095
0.068542
0.065064
0.061664
0.058341
0.055096
0.051931
0.048845
0.045839
0.042913
0.040066
0.037298
0.03461
0.031999
0.029466
0.027009
0.024629
0.022323
0.02009
0.01793
0.015841
0.013821
0.01187
0.0099859
0.0081671
0.0064122
0.0047195
0.0030877
0.001515
0
