0
0.0020522
0.0041824
0.0063928
0.0086856
0.011063
0.013526
0.016079
0.018721
0.021457
0.024287
0.027213
0.030237
0.033361
0.036585
0.039913
0.043344
0.04688
0.050522
0.054271
0.058127
0.062091
0.066163
0.070343
0.07463
0.079025
0.083526
0.088132
0.092843
0.097656
0.10257
0.10758
0.11269
0.11789
0.12318
0.12856
0.13402
0.13956
0.14517
0.15085
0.1566
0.16241
0.16828
0.17419
0.18015
0.18614
0.19217
0.19822
0.20429
0.21038
0.21647
0.22256
0.22864
0.23472
0.24077
0.2468
0.25279
0.25875
0.26466
0.27053
0.27634
0.28208
0.28777
0.29338
0.29892
0.30438
0.30976
0.31505
0.32025
0.32536
0.33022
0.33356
0.3349
0.33408
0.331
0.32569
0.31826
0.30895
0.29804
0.28596
0.27394
0.26225
0.25089
0.23985
0.22913
0.21873
0.20864
0.19886
0.18939
0.18022
0.17135
0.16278
0.15448
0.14647
0.13873
0.13126
0.12406
0.11711
0.11041
0.10395
0.097727
