0
0.0029335
0.0059786
0.0091383
0.012416
0.015814
0.019335
0.022984
0.026762
0.030672
0.034717
0.038899
0.043222
0.047687
0.052297
0.057054
0.061958
0.067013
0.072219
0.077578
0.08309
0.088757
0.094577
0.10055
0.10668
0.11296
0.1194
0.12598
0.13271
0.13959
0.14662
0.15378
0.16108
0.16852
0.17608
0.18377
0.19157
0.19949
0.20751
0.21564
0.22386
0.23216
0.24054
0.249
0.25751
0.26608
0.2747
0.28335
0.29203
0.30003
0.30503
0.30651
0.30435
0.29872
0.29022
0.28121
0.27225
0.26335
0.25452
0.24576
0.23708
0.22849
0.22
0.21161
0.20333
0.19518
0.18714
0.17924
0.17147
0.16384
0.15635
0.14901
0.14182
0.13478
0.1279
0.12117
0.11461
0.1082
0.10196
0.095873
0.089951
0.08419
0.078589
0.073148
0.067864
0.062738
0.057767
0.052949
0.048282
0.043764
0.039392
0.035164
0.031077
0.027129
0.023316
0.019635
0.016083
0.012658
0.0093554
0.0061728
0.0031067
