0
0.0028965
0.0059032
0.009023
0.012259
0.015614
0.019092
0.022694
0.026424
0.030285
0.034279
0.038409
0.042677
0.047086
0.051638
0.056334
0.061177
0.066168
0.071308
0.0766
0.082042
0.087637
0.093384
0.099284
0.10534
0.11154
0.11789
0.12439
0.13104
0.13783
0.14477
0.15184
0.15905
0.16639
0.17386
0.18145
0.18916
0.19697
0.2049
0.21292
0.22103
0.22923
0.23751
0.24586
0.25427
0.26273
0.27123
0.27978
0.28835
0.29693
0.30553
0.31413
0.31186
0.30273
0.29362
0.28455
0.27553
0.26657
0.25767
0.24885
0.24011
0.23146
0.22291
0.21446
0.20612
0.19791
0.18982
0.18186
0.17403
0.16635
0.15881
0.15141
0.14417
0.13709
0.13016
0.12338
0.11677
0.11032
0.10403
0.097905
0.091941
0.086139
0.080498
0.075018
0.069698
0.064535
0.059529
0.054676
0.049977
0.045427
0.041024
0.036766
0.032651
0.028674
0.024834
0.021127
0.01755
0.014101
0.010775
0.0075699
0.0044822
