0
0.0026771
0.0054561
0.0083396
0.01133
0.014432
0.017645
0.020975
0.024423
0.027991
0.031683
0.0355
0.039445
0.043519
0.047726
0.052067
0.056543
0.061156
0.065907
0.070798
0.075828
0.080999
0.086311
0.091764
0.097357
0.10309
0.10896
0.11497
0.12112
0.12739
0.1338
0.14034
0.147
0.15379
0.16069
0.16771
0.17483
0.18205
0.18938
0.19679
0.20429
0.21187
0.21952
0.22724
0.23501
0.24283
0.25031
0.25652
0.26123
0.26423
0.26541
0.26472
0.26218
0.2579
0.25205
0.24486
0.23699
0.22916
0.2214
0.2137
0.20607
0.19852
0.19106
0.18368
0.17641
0.16924
0.16218
0.15523
0.1484
0.14169
0.13511
0.12866
0.12234
0.11615
0.1101
0.10419
0.098422
0.092792
0.087303
0.081956
0.07675
0.071687
0.066764
0.061981
0.057337
0.052831
0.048462
0.044227
0.040125
0.036153
0.032311
0.028595
0.025003
0.021532
0.01818
0.014945
0.011823
0.0088127
0.0059099
0.0031125
0.00041758
