0
0.0019435
0.003961
0.0060543
0.0082257
0.010477
0.01281
0.015227
0.01773
0.020321
0.023001
0.025772
0.028636
0.031594
0.034648
0.037799
0.041049
0.044398
0.047847
0.051398
0.05505
0.058804
0.06266
0.066618
0.070679
0.074841
0.079103
0.083466
0.087927
0.092485
0.097138
0.10188
0.10672
0.11165
0.11666
0.12175
0.12692
0.13217
0.13748
0.14287
0.14831
0.15381
0.15937
0.16497
0.17061
0.17629
0.18199
0.18773
0.19348
0.19886
0.20321
0.20636
0.20817
0.20856
0.2075
0.20503
0.20124
0.19627
0.1903
0.18391
0.17757
0.17131
0.16511
0.15899
0.15296
0.147
0.14114
0.13538
0.12971
0.12414
0.11868
0.11332
0.10808
0.10294
0.09792
0.093014
0.088224
0.083551
0.078995
0.074556
0.070236
0.066032
0.061946
0.057976
0.054122
0.050382
0.046755
0.04324
0.039835
0.036539
0.033349
0.030265
0.027283
0.024402
0.02162
0.018935
0.016344
0.013845
0.011436
0.0091135
0.0068767
