0.11534
0.12318
0.13132
0.13977
0.14853
0.15762
0.16703
0.17679
0.18689
0.19734
0.20815
0.21934
0.23089
0.24283
0.25515
0.26787
0.28098
0.2945
0.30842
0.32274
0.33748
0.35263
0.36819
0.38416
0.40055
0.41734
0.43454
0.45215
0.47015
0.47742
0.47043
0.46329
0.45602
0.44861
0.44108
0.43342
0.42565
0.41776
0.40977
0.40167
0.39349
0.38521
0.37686
0.36844
0.35996
0.35142
0.34284
0.33422
0.32558
0.31691
0.30824
0.29957
0.2909
0.28226
0.27364
0.26506
0.25652
0.24804
0.23962
0.23127
0.22299
0.21481
0.20671
0.19872
0.19083
0.18306
0.1754
0.16787
0.16046
0.15319
0.14605
0.13906
0.1322
0.1255
0.11894
0.11253
0.10627
0.10016
0.094212
0.088414
0.08277
0.077279
0.071941
0.066755
0.061719
0.056833
0.052095
0.047503
0.043055
0.038749
0.034583
0.030553
0.026658
0.022895
0.019261
0.015753
0.012368
0.009103
0.0059555
0.0029222
0
