0
0.0024049
0.0049012
0.0074915
0.010178
0.012964
0.015851
0.018842
0.021939
0.025145
0.028461
0.03189
0.035434
0.039094
0.042873
0.046772
0.050793
0.054937
0.059205
0.063599
0.068117
0.072763
0.077534
0.082433
0.087457
0.092607
0.097881
0.10328
0.1088
0.11444
0.1202
0.12607
0.13206
0.13815
0.14435
0.15065
0.15705
0.16354
0.17012
0.17678
0.18345
0.18994
0.19618
0.20212
0.20766
0.21276
0.21734
0.22132
0.22464
0.22725
0.2291
0.23014
0.23037
0.22977
0.22835
0.22614
0.22317
0.21948
0.21515
0.21023
0.2048
0.19893
0.19269
0.18615
0.17939
0.17245
0.16549
0.15864
0.1519
0.14529
0.13879
0.13243
0.1262
0.12009
0.11413
0.1083
0.10261
0.097052
0.091638
0.086363
0.081229
0.076234
0.071378
0.066661
0.06208
0.057636
0.053326
0.049149
0.045103
0.041186
0.037396
0.03373
0.030187
0.026764
0.023458
0.020267
0.017188
0.014218
0.011355
0.0085954
0.0059372
