0.0031789
0.005096
0.0070859
0.0091508
0.011292
0.013511
0.015807
0.018184
0.02064
0.023179
0.025799
0.028502
0.031288
0.034156
0.037107
0.040138
0.04325
0.046439
0.049704
0.053042
0.056448
0.059919
0.063449
0.067032
0.070661
0.074328
0.078024
0.08174
0.085464
0.089183
0.092885
0.096555
0.10018
0.10374
0.10721
0.11059
0.11384
0.11696
0.11992
0.1227
0.12529
0.12765
0.12978
0.13166
0.13328
0.13461
0.13565
0.13639
0.13682
0.13694
0.13675
0.13625
0.13545
0.13435
0.13297
0.13131
0.12939
0.12722
0.12483
0.12224
0.11945
0.11649
0.11338
0.11014
0.10678
0.10333
0.099809
0.096223
0.092593
0.088934
0.08526
0.081582
0.077912
0.074262
0.070641
0.067056
0.063517
0.060028
0.056597
0.053228
0.049925
0.046692
0.043532
0.040448
0.03744
0.034511
0.031662
0.028893
0.026205
0.023597
0.021068
0.01862
0.01625
0.013957
0.011742
0.0096032
0.0075397
0.0055494
0.0036306
0.0017815
0
