0
0.0016567
0.0033765
0.0051609
0.0070118
0.0089309
0.01092
0.01298
0.015114
0.017322
0.019607
0.021969
0.02441
0.026932
0.029535
0.032221
0.034991
0.037846
0.040786
0.043813
0.046926
0.050126
0.053413
0.056787
0.060249
0.063796
0.06743
0.071149
0.074951
0.078833
0.082759
0.08671
0.090672
0.094628
0.098561
0.10245
0.10628
0.11001
0.11364
0.11712
0.12043
0.12355
0.12644
0.12907
0.13143
0.13347
0.13518
0.13654
0.13753
0.13814
0.13836
0.13819
0.13763
0.13668
0.13536
0.13369
0.13168
0.12936
0.12676
0.12389
0.1208
0.11751
0.11404
0.11043
0.1067
0.10288
0.098997
0.095065
0.091107
0.087142
0.083186
0.079253
0.075361
0.071544
0.067812
0.064166
0.060605
0.057131
0.053745
0.050446
0.047234
0.04411
0.041073
0.038122
0.035257
0.032477
0.029781
0.027168
0.024638
0.022187
0.019817
0.017524
0.015308
0.013167
0.011099
0.0091027
0.0071767
0.0053191
0.0035283
0.0018024
0.00013968
