0.024385
0.02683
0.029369
0.032003
0.034735
0.037567
0.040503
0.043544
0.046694
0.049953
0.053325
0.056812
0.060415
0.064138
0.06798
0.071945
0.076034
0.080248
0.084588
0.089055
0.093613
0.09823
0.10289
0.10757
0.11225
0.11691
0.12151
0.12603
0.13044
0.13471
0.13878
0.14264
0.14625
0.14956
0.15254
0.15517
0.15741
0.15924
0.16065
0.16162
0.16214
0.16222
0.16186
0.16108
0.15988
0.1583
0.15635
0.15407
0.15148
0.14861
0.14549
0.14217
0.13865
0.13498
0.13119
0.12729
0.1233
0.11927
0.11522
0.1112
0.10722
0.10329
0.099396
0.095553
0.09176
0.088021
0.08434
0.080717
0.077156
0.073659
0.070228
0.066863
0.063568
0.060343
0.057189
0.054107
0.051098
0.048163
0.045301
0.042513
0.039799
0.037159
0.034592
0.032098
0.029677
0.027328
0.02505
0.022842
0.020703
0.018632
0.016629
0.014691
0.012818
0.011009
0.0092613
0.0075745
0.0059469
0.0043771
0.0028637
0.0014051
0
