0
0.0021682
0.0044189
0.0067542
0.0091766
0.011688
0.014291
0.016988
0.01978
0.02267
0.02566
0.028751
0.031946
0.035246
0.038654
0.042169
0.045794
0.04953
0.053378
0.057339
0.061413
0.065601
0.069903
0.07432
0.078849
0.083492
0.088248
0.093115
0.098091
0.10318
0.10837
0.11366
0.11906
0.12455
0.13014
0.13582
0.14159
0.14745
0.15338
0.15938
0.16545
0.17138
0.17706
0.18242
0.18738
0.19187
0.19582
0.19917
0.20185
0.20381
0.20501
0.20542
0.20504
0.20387
0.20193
0.19926
0.19591
0.19194
0.18741
0.1824
0.17698
0.17123
0.16521
0.159
0.15281
0.1467
0.14069
0.13477
0.12896
0.12325
0.11764
0.11215
0.10677
0.1015
0.096352
0.091319
0.086405
0.081612
0.076938
0.072385
0.067953
0.063642
0.05945
0.055378
0.051424
0.047588
0.043867
0.040262
0.036769
0.033388
0.030116
0.026952
0.023894
0.020939
0.018085
0.015331
0.012673
0.010109
0.0076379
0.0052561
0.0029615
