0
0.0008536
0.0017397
0.0026591
0.0036127
0.0046015
0.0056262
0.0066878
0.0077871
0.0089249
0.010102
0.011319
0.012577
0.013876
0.015218
0.016602
0.018029
0.0195
0.021015
0.022574
0.024178
0.025827
0.02752
0.029259
0.031042
0.03287
0.034742
0.036658
0.038617
0.040619
0.042663
0.044748
0.046872
0.049035
0.051236
0.053473
0.055744
0.058048
0.060383
0.062747
0.065138
0.067555
0.069994
0.072454
0.074932
0.077425
0.079932
0.08245
0.084975
0.087506
0.090039
0.092573
0.095104
0.097584
0.099821
0.10175
0.10333
0.1045
0.10524
0.10552
0.10532
0.10463
0.10346
0.10184
0.099798
0.097375
0.094623
0.091593
0.088341
0.084936
0.081558
0.078246
0.075001
0.071826
0.068721
0.065687
0.062725
0.059835
0.057017
0.054272
0.0516
0.049001
0.046474
0.044019
0.041635
0.039322
0.037079
0.034905
0.0328
0.030761
0.028789
0.026881
0.025037
0.023256
0.021535
0.019875
0.018272
0.016727
0.015237
0.013801
0.012418
