0
0.00228
0.0046467
0.0071025
0.0096497
0.012291
0.015028
0.017863
0.0208
0.023839
0.026983
0.030234
0.033593
0.037064
0.040647
0.044343
0.048155
0.052084
0.056131
0.060296
0.06458
0.068984
0.073508
0.078151
0.082915
0.087797
0.092798
0.097915
0.10315
0.1085
0.11395
0.11952
0.1252
0.13098
0.13685
0.14283
0.14889
0.15505
0.16128
0.1676
0.17399
0.18044
0.18696
0.19353
0.20015
0.20681
0.2135
0.22023
0.22697
0.23373
0.2405
0.24727
0.25403
0.26077
0.2675
0.27419
0.28085
0.28747
0.29404
0.30056
0.30701
0.3134
0.31971
0.32595
0.3321
0.33817
0.34414
0.35002
0.3558
0.36147
0.36704
0.3725
0.37785
0.38308
0.3882
0.3926
0.38771
0.3732
0.35815
0.34348
0.3292
0.31531
0.30181
0.28869
0.27595
0.26359
0.25161
0.23999
0.22874
0.21785
0.20731
0.19712
0.18726
0.17774
0.16855
0.15968
0.15111
0.14286
0.13489
0.12722
0.11983
