0.00032045
0.002409
0.004577
0.0068265
0.0091599
0.011579
0.014086
0.016684
0.019374
0.022157
0.025037
0.028015
0.031093
0.034272
0.037554
0.04094
0.044432
0.048031
0.051738
0.055553
0.059477
0.063512
0.067649
0.071875
0.076182
0.080564
0.085012
0.089517
0.094068
0.098652
0.10326
0.10786
0.11245
0.11701
0.12152
0.12594
0.13026
0.13446
0.1385
0.14235
0.146
0.1494
0.15253
0.15536
0.15787
0.16004
0.16183
0.16323
0.16423
0.16482
0.16499
0.16473
0.16406
0.16297
0.16149
0.15962
0.15738
0.15481
0.15191
0.14872
0.14527
0.14159
0.1377
0.13363
0.12941
0.12507
0.12063
0.11612
0.11156
0.10697
0.10237
0.097776
0.093203
0.088666
0.084177
0.079746
0.075383
0.071096
0.066892
0.062778
0.05877
0.054871
0.051081
0.047398
0.043823
0.040354
0.03699
0.033729
0.030571
0.027514
0.024555
0.021694
0.018928
0.016256
0.013676
0.011185
0.0087816
0.0064635
0.0042286
0.0020749
0
