0.032103
0.034522
0.037034
0.039641
0.042344
0.045147
0.048052
0.051062
0.054178
0.057403
0.06074
0.06419
0.067756
0.071439
0.075242
0.079165
0.083211
0.087381
0.091675
0.096094
0.10056
0.105
0.1094
0.11371
0.11789
0.1219
0.1257
0.12924
0.13248
0.13538
0.1379
0.14001
0.14169
0.14291
0.14368
0.14399
0.14384
0.14326
0.14226
0.14088
0.13914
0.13708
0.13473
0.13213
0.12931
0.12631
0.12322
0.12012
0.11702
0.1139
0.11079
0.10767
0.10455
0.10145
0.09835
0.095265
0.092197
0.089148
0.086122
0.08312
0.080147
0.077205
0.074296
0.071423
0.068588
0.065794
0.063042
0.060334
0.057672
0.055058
0.052493
0.049979
0.047516
0.045105
0.042747
0.040444
0.038195
0.036
0.033861
0.031777
0.029749
0.027775
0.025857
0.023993
0.022183
0.020427
0.018724
0.017073
0.015475
0.013927
0.01243
0.010981
0.0095814
0.0082288
0.0069226
0.0056617
0.0044451
0.0032718
0.0021405
0.0010503
0
