0
0.0015727
0.0032052
0.0048991
0.0066561
0.0084778
0.010366
0.012322
0.014347
0.016443
0.018612
0.020854
0.023172
0.025566
0.028037
0.030587
0.033216
0.035926
0.038717
0.04159
0.044545
0.047583
0.050703
0.053907
0.057192
0.06056
0.064009
0.067539
0.071149
0.074837
0.078603
0.082443
0.086358
0.090343
0.094398
0.098519
0.1027
0.10695
0.11125
0.11561
0.12001
0.12446
0.12896
0.13349
0.13805
0.14265
0.14727
0.15186
0.15616
0.16006
0.16349
0.16637
0.16864
0.17024
0.17113
0.17127
0.17066
0.1693
0.16722
0.16446
0.16108
0.15714
0.15273
0.14791
0.14278
0.13743
0.13212
0.1269
0.12177
0.11673
0.11179
0.10694
0.10219
0.097546
0.093002
0.088561
0.084225
0.079995
0.075872
0.071854
0.067944
0.064139
0.06044
0.056847
0.053358
0.049973
0.04669
0.043509
0.040427
0.037443
0.034556
0.031765
0.029066
0.026458
0.02394
0.02151
0.019164
0.016902
0.014722
0.01262
0.010595
