0
0.0012382
0.0025235
0.0038572
0.0052406
0.0066749
0.0081613
0.0097013
0.011296
0.012946
0.014654
0.016419
0.018244
0.020129
0.022074
0.024082
0.026152
0.028286
0.030483
0.032742
0.035063
0.037444
0.039886
0.042387
0.044945
0.047559
0.050227
0.052947
0.055715
0.058528
0.061381
0.064272
0.067194
0.070143
0.073111
0.076092
0.079078
0.082061
0.085032
0.087982
0.090899
0.093772
0.096589
0.099338
0.102
0.10458
0.10704
0.10937
0.11157
0.11361
0.11548
0.11716
0.11865
0.11993
0.12098
0.1218
0.12238
0.1227
0.12277
0.12259
0.12214
0.12143
0.12047
0.11926
0.11782
0.11614
0.11425
0.11215
0.10986
0.1074
0.10479
0.10204
0.099165
0.09619
0.093128
0.089998
0.086813
0.083591
0.080344
0.077087
0.073831
0.070587
0.067367
0.064178
0.061028
0.057925
0.054875
0.051884
0.048954
0.046091
0.043296
0.040573
0.037923
0.035348
0.032847
0.030423
0.028074
0.0258
0.023601
0.021477
0.019425
