0.081762
0.086962
0.092301
0.097776
0.10338
0.10911
0.11496
0.12091
0.12696
0.13308
0.13928
0.14553
0.15181
0.15811
0.1644
0.17066
0.17686
0.18298
0.18899
0.19486
0.20056
0.20607
0.21134
0.21636
0.2211
0.22552
0.22961
0.23333
0.23668
0.23962
0.24215
0.24424
0.24591
0.24713
0.2479
0.24824
0.24813
0.2476
0.24665
0.24529
0.24353
0.24141
0.23893
0.23611
0.23297
0.22954
0.22584
0.22188
0.2177
0.21331
0.20873
0.20399
0.1991
0.19409
0.18897
0.18376
0.17848
0.17314
0.16776
0.16235
0.15693
0.15151
0.1461
0.14071
0.13535
0.13004
0.12477
0.11956
0.11442
0.10934
0.10435
0.099434
0.094605
0.089868
0.085224
0.080677
0.076229
0.071883
0.067639
0.0635
0.059466
0.055537
0.051715
0.047998
0.044387
0.040881
0.037479
0.034181
0.030984
0.027889
0.024892
0.021994
0.019191
0.016483
0.013868
0.011342
0.0089052
0.0065545
0.0042882
0.0021041
0
