0.016787
0.019094
0.021488
0.023972
0.026549
0.029221
0.03199
0.034858
0.037828
0.040903
0.044083
0.047372
0.05077
0.054281
0.057905
0.061645
0.065501
0.069476
0.073569
0.077782
0.082116
0.086571
0.091148
0.095845
0.10066
0.1056
0.11066
0.11584
0.12113
0.12654
0.13206
0.13762
0.14305
0.14832
0.15336
0.15812
0.16252
0.16652
0.17005
0.17305
0.17549
0.17731
0.1785
0.17904
0.17892
0.17817
0.17679
0.17484
0.17234
0.16935
0.16591
0.1621
0.15796
0.15354
0.14891
0.14424
0.1396
0.13498
0.1304
0.12586
0.12135
0.1169
0.11249
0.10814
0.10385
0.09962
0.095453
0.091354
0.087323
0.083366
0.079482
0.075674
0.071945
0.068295
0.064725
0.061237
0.057832
0.05451
0.051271
0.048115
0.045044
0.042055
0.03915
0.036328
0.033588
0.030929
0.02835
0.025851
0.023431
0.021087
0.01882
0.016627
0.014507
0.01246
0.010482
0.0085726
0.0067305
0.0049539
0.003241
0.0015903
0
