0.059724
0.063315
0.067043
0.070912
0.074924
0.079085
0.083396
0.087863
0.092488
0.097275
0.10223
0.10735
0.11264
0.11811
0.12375
0.12957
0.13558
0.14177
0.14814
0.1547
0.16145
0.16823
0.17377
0.17758
0.17949
0.17947
0.17769
0.17534
0.17295
0.1705
0.168
0.16545
0.16286
0.16021
0.15752
0.15479
0.15201
0.14919
0.14634
0.14345
0.14052
0.13757
0.13459
0.13158
0.12855
0.1255
0.12244
0.11936
0.11627
0.11318
0.11008
0.10698
0.10389
0.1008
0.097724
0.094659
0.09161
0.088581
0.085573
0.082591
0.079637
0.076714
0.073823
0.070968
0.068152
0.065375
0.06264
0.05995
0.057305
0.054708
0.052159
0.049661
0.047213
0.044818
0.042475
0.040186
0.037952
0.035771
0.033646
0.031575
0.029559
0.027598
0.025692
0.02384
0.022042
0.020297
0.018605
0.016965
0.015376
0.013838
0.01235
0.010911
0.0095204
0.0081764
0.0068785
0.0056257
0.0044168
0.0032509
0.0021269
0.0010436
0
