0.010089
0.014009
0.018079
0.022301
0.026681
0.031222
0.035928
0.040804
0.045853
0.051078
0.056484
0.062073
0.06785
0.073817
0.079978
0.086334
0.092889
0.099644
0.1066
0.11376
0.12113
0.1287
0.13648
0.14446
0.15265
0.16105
0.16965
0.17845
0.18745
0.19664
0.20603
0.2156
0.22536
0.23529
0.2454
0.25567
0.2661
0.27668
0.28741
0.29826
0.30925
0.32034
0.33155
0.34284
0.35422
0.36568
0.37719
0.38543
0.38585
0.37848
0.36812
0.35776
0.34741
0.33709
0.3268
0.31655
0.30635
0.29622
0.28616
0.27619
0.26631
0.25654
0.24687
0.23732
0.2279
0.21862
0.20947
0.20048
0.19163
0.18295
0.17442
0.16607
0.15788
0.14987
0.14204
0.13439
0.12691
0.11962
0.11251
0.10559
0.098849
0.092291
0.085916
0.079722
0.073709
0.067874
0.062216
0.056732
0.051419
0.046277
0.041301
0.036489
0.031837
0.027343
0.023002
0.018813
0.01477
0.010871
0.0071125
0.0034899
0
