0
0.00072473
0.001477
0.0022576
0.0030673
0.0039068
0.0047768
0.0056782
0.0066115
0.0075775
0.0085768
0.0096102
0.010678
0.011781
0.01292
0.014095
0.015307
0.016556
0.017842
0.019166
0.020528
0.021928
0.023365
0.024842
0.026356
0.027908
0.029497
0.031124
0.032787
0.034487
0.036222
0.037992
0.039796
0.041633
0.043501
0.0454
0.047328
0.049284
0.051267
0.053274
0.055304
0.057356
0.059427
0.061515
0.063619
0.065736
0.067865
0.070002
0.072146
0.074295
0.076446
0.078597
0.080746
0.08289
0.084988
0.086922
0.088653
0.09015
0.091381
0.092317
0.092931
0.093203
0.093118
0.09267
0.091859
0.090696
0.089198
0.087389
0.0853
0.082964
0.080418
0.077701
0.074848
0.071897
0.068901
0.065964
0.063097
0.060299
0.057572
0.054915
0.052329
0.049812
0.047366
0.04499
0.042682
0.040444
0.038272
0.036168
0.03413
0.032157
0.030247
0.028401
0.026616
0.024892
0.023226
0.021619
0.020068
0.018572
0.017129
0.015739
0.0144
