0.21492
0.22637
0.23826
0.2506
0.2634
0.27667
0.29042
0.30466
0.31941
0.33468
0.35048
0.36681
0.38369
0.40113
0.41913
0.43571
0.43402
0.43008
0.42602
0.42185
0.41755
0.41314
0.4086
0.40394
0.39917
0.39427
0.38926
0.38413
0.37888
0.37352
0.36804
0.36246
0.35677
0.35098
0.34508
0.33909
0.33301
0.32684
0.32058
0.31425
0.30785
0.30137
0.29484
0.28825
0.28162
0.27494
0.26822
0.26148
0.25472
0.24794
0.24115
0.23437
0.22759
0.22083
0.21408
0.20737
0.20069
0.19405
0.18747
0.18093
0.17446
0.16806
0.16172
0.15547
0.1493
0.14322
0.13723
0.13133
0.12554
0.11985
0.11427
0.10879
0.10343
0.098182
0.093051
0.088036
0.083141
0.078364
0.073708
0.069172
0.064756
0.06046
0.056283
0.052226
0.048287
0.044464
0.040757
0.037165
0.033685
0.030316
0.027056
0.023904
0.020856
0.017912
0.015069
0.012324
0.009676
0.0071218
0.0046594
0.0022862
0
