0.026608
0.029553
0.032611
0.035783
0.039074
0.042486
0.046022
0.049685
0.053478
0.057404
0.061466
0.065666
0.070006
0.07449
0.079118
0.083894
0.088819
0.093894
0.099122
0.1045
0.11004
0.11573
0.12157
0.12757
0.13372
0.14003
0.14649
0.1531
0.15986
0.16677
0.17382
0.18102
0.18835
0.19581
0.20341
0.21112
0.21896
0.22663
0.23259
0.23635
0.23772
0.23666
0.23332
0.22826
0.223
0.21771
0.2124
0.20706
0.2017
0.19634
0.19096
0.18559
0.18022
0.17487
0.16953
0.16421
0.15892
0.15367
0.14845
0.14328
0.13815
0.13308
0.12806
0.12311
0.11823
0.11341
0.10867
0.104
0.09941
0.094904
0.090483
0.086148
0.081903
0.077747
0.073684
0.069713
0.065836
0.062054
0.058367
0.054775
0.051278
0.047876
0.044569
0.041356
0.038237
0.03521
0.032274
0.02943
0.026674
0.024006
0.021425
0.018929
0.016515
0.014184
0.011933
0.0097592
0.0076621
0.0056395
0.0036896
0.0018104
0
