0
0.0036853
0.0075107
0.01148
0.015597
0.019866
0.024291
0.028874
0.03362
0.038532
0.043614
0.048868
0.054299
0.059908
0.0657
0.071675
0.077837
0.084187
0.090727
0.09746
0.10438
0.1115
0.11881
0.12632
0.13402
0.14191
0.15
0.15827
0.16673
0.17537
0.18419
0.19319
0.20236
0.2117
0.2212
0.23086
0.24067
0.25061
0.2607
0.2709
0.28123
0.29166
0.30219
0.31281
0.32351
0.33427
0.3451
0.35597
0.36687
0.3778
0.38873
0.39959
0.40551
0.40313
0.39301
0.38098
0.36902
0.35714
0.34534
0.33364
0.32205
0.31058
0.29924
0.28803
0.27698
0.26609
0.25536
0.2448
0.23443
0.22424
0.21424
0.20443
0.19483
0.18543
0.17624
0.16726
0.15849
0.14994
0.1416
0.13348
0.12557
0.11787
0.11039
0.10313
0.096072
0.089226
0.082587
0.076153
0.069921
0.063887
0.058049
0.052403
0.046945
0.041672
0.03658
0.031665
0.026922
0.022347
0.017937
0.013687
0.0095923
