0.011091
0.013556
0.016115
0.01877
0.021524
0.024379
0.027338
0.030404
0.033579
0.036864
0.040264
0.043778
0.047411
0.051163
0.055037
0.059033
0.063155
0.067403
0.071777
0.076281
0.080913
0.085674
0.090565
0.095586
0.10074
0.10601
0.11142
0.11695
0.12261
0.12839
0.1343
0.14032
0.14645
0.1527
0.15905
0.16551
0.17207
0.17865
0.18493
0.19079
0.19613
0.20085
0.20486
0.20808
0.21044
0.21189
0.2124
0.21197
0.21062
0.20838
0.20533
0.20152
0.19705
0.19202
0.1865
0.18068
0.17486
0.16908
0.16334
0.15764
0.152
0.14642
0.14091
0.13546
0.13008
0.12478
0.11956
0.11443
0.10938
0.10442
0.099557
0.094788
0.090116
0.085544
0.081073
0.076704
0.072439
0.068277
0.06422
0.060268
0.05642
0.052677
0.049039
0.045504
0.042071
0.038741
0.035511
0.032381
0.029349
0.026414
0.023574
0.020827
0.018172
0.015607
0.013129
0.010738
0.0084305
0.0062051
0.0040596
0.0019919
0
