0.014193
0.015992
0.01786
0.019798
0.021809
0.023893
0.026053
0.028291
0.030609
0.033007
0.035488
0.038054
0.040706
0.043445
0.046272
0.04919
0.052198
0.055299
0.058493
0.06178
0.065161
0.068637
0.072207
0.075872
0.079631
0.083485
0.087431
0.09147
0.095601
0.099821
0.10413
0.10852
0.113
0.11753
0.12189
0.12598
0.12973
0.13307
0.13595
0.13829
0.14006
0.14122
0.14175
0.14165
0.14093
0.13962
0.13775
0.13539
0.1326
0.12942
0.12594
0.1224
0.11886
0.11532
0.1118
0.1083
0.10481
0.10134
0.097902
0.09449
0.09111
0.087765
0.084458
0.081192
0.07797
0.074793
0.071665
0.068587
0.065561
0.062589
0.059673
0.056815
0.054015
0.051274
0.048594
0.045976
0.043419
0.040925
0.038493
0.036124
0.033818
0.031574
0.029393
0.027274
0.025217
0.023221
0.021285
0.019409
0.017591
0.015832
0.01413
0.012483
0.010892
0.0093544
0.0078695
0.0064362
0.0050532
0.0037193
0.0024333
0.0011939
0
