0
0.0022577
0.0046013
0.0070331
0.0095555
0.012171
0.014881
0.017689
0.020597
0.023606
0.026719
0.029938
0.033265
0.036702
0.04025
0.04391
0.047685
0.051576
0.055581
0.059694
0.063914
0.068236
0.072659
0.077177
0.081787
0.086482
0.091256
0.0961
0.10101
0.10596
0.11096
0.11598
0.12101
0.12604
0.13104
0.136
0.1409
0.14571
0.15041
0.15498
0.15938
0.16359
0.16759
0.17134
0.17481
0.17799
0.18083
0.18332
0.18544
0.18715
0.18846
0.18933
0.18977
0.18977
0.18932
0.18843
0.1871
0.18535
0.1832
0.18065
0.17774
0.17448
0.17091
0.16705
0.16294
0.15859
0.15405
0.14933
0.14448
0.13951
0.13445
0.12933
0.12416
0.11898
0.1138
0.10864
0.10351
0.098431
0.093411
0.088462
0.083595
0.078817
0.074136
0.069556
0.065083
0.060721
0.056472
0.052339
0.048322
0.044424
0.040643
0.036986
0.03345
0.030034
0.026735
0.023551
0.020479
0.017515
0.014658
0.011905
0.0092526
