0.02538
0.027396
0.029489
0.03166
0.033912
0.036247
0.038667
0.041173
0.043769
0.046456
0.049236
0.05211
0.05508
0.058148
0.061316
0.064584
0.067954
0.071428
0.075005
0.078685
0.082411
0.086142
0.089855
0.093523
0.097118
0.10061
0.10396
0.10714
0.11012
0.11286
0.11532
0.11748
0.11932
0.12081
0.12193
0.12268
0.12306
0.12307
0.12271
0.12201
0.12098
0.11964
0.11802
0.11615
0.11405
0.11175
0.10929
0.10667
0.10395
0.10118
0.09841
0.095641
0.092875
0.090115
0.087363
0.084623
0.081898
0.07919
0.076501
0.073835
0.071194
0.06858
0.065996
0.063444
0.060926
0.058444
0.055999
0.053594
0.05123
0.048908
0.046629
0.044396
0.042208
0.040066
0.037972
0.035926
0.033928
0.031979
0.030079
0.028228
0.026426
0.024672
0.022968
0.021312
0.019705
0.018145
0.016632
0.015166
0.013746
0.012371
0.011041
0.0097546
0.0085111
0.0073096
0.0061493
0.0050293
0.0039486
0.0029063
0.0019014
0.00093296
0
