0
0.0006996
0.0014258
0.0021794
0.002961
0.0037713
0.0046112
0.0054813
0.0063823
0.0073148
0.0082795
0.009277
0.010308
0.011373
0.012472
0.013606
0.014776
0.015982
0.017223
0.018501
0.019816
0.021167
0.022555
0.02398
0.025442
0.02694
0.028474
0.030045
0.031651
0.033291
0.034966
0.036675
0.038416
0.040189
0.041993
0.043826
0.045687
0.047576
0.049489
0.051427
0.053387
0.055367
0.057367
0.059383
0.061403
0.063395
0.065347
0.067245
0.069077
0.070829
0.072486
0.074032
0.075451
0.076728
0.077848
0.078794
0.079552
0.080112
0.080462
0.080593
0.080502
0.080185
0.079644
0.078881
0.077906
0.076727
0.075358
0.073812
0.072108
0.070262
0.068293
0.066219
0.06406
0.061832
0.059554
0.057241
0.054908
0.052567
0.050232
0.047912
0.045617
0.043366
0.041178
0.039052
0.036987
0.034984
0.033042
0.031159
0.029336
0.02757
0.025862
0.02421
0.022613
0.02107
0.01958
0.018142
0.016754
0.015416
0.014125
0.012882
0.011684
