0.017094
0.01995
0.022915
0.025991
0.029181
0.032489
0.035918
0.03947
0.043148
0.046954
0.050892
0.054964
0.059173
0.06352
0.068007
0.072638
0.077413
0.082334
0.087402
0.092619
0.097986
0.1035
0.10917
0.11499
0.12095
0.12707
0.13333
0.13974
0.1463
0.15299
0.15983
0.16681
0.17391
0.18115
0.18851
0.196
0.2036
0.2113
0.21912
0.22703
0.23488
0.24155
0.24658
0.24977
0.25098
0.25018
0.24743
0.24292
0.23694
0.23063
0.22432
0.21801
0.2117
0.20541
0.19914
0.19289
0.18668
0.18051
0.17438
0.1683
0.16228
0.15633
0.15044
0.14462
0.13888
0.13322
0.12765
0.12216
0.11678
0.11148
0.10629
0.1012
0.09621
0.091329
0.086555
0.081891
0.077337
0.072894
0.068563
0.064343
0.060236
0.05624
0.052355
0.048581
0.044916
0.04136
0.037912
0.034571
0.031334
0.0282
0.025168
0.022235
0.019401
0.016662
0.014017
0.011464
0.0090006
0.0066247
0.0043341
0.0021266
0
