0.027076
0.030173
0.033389
0.036725
0.040186
0.043774
0.047493
0.051345
0.055335
0.059463
0.063735
0.068152
0.072716
0.077431
0.082299
0.087322
0.092501
0.097838
0.10334
0.10899
0.11482
0.1208
0.12694
0.13325
0.13973
0.14636
0.15315
0.16011
0.16722
0.17448
0.1819
0.18946
0.19717
0.20502
0.21301
0.22113
0.22937
0.23771
0.2449
0.24988
0.25239
0.25233
0.24976
0.24493
0.23929
0.23361
0.22791
0.22218
0.21643
0.21067
0.20491
0.19914
0.19338
0.18764
0.18191
0.1762
0.17053
0.16489
0.15929
0.15374
0.14824
0.1428
0.13742
0.1321
0.12686
0.12169
0.1166
0.11159
0.10667
0.10183
0.097091
0.09244
0.087884
0.083425
0.079065
0.074804
0.070644
0.066586
0.062629
0.058775
0.055023
0.051373
0.047824
0.044376
0.041029
0.037781
0.034631
0.031579
0.028622
0.025759
0.02299
0.020311
0.017722
0.01522
0.012804
0.010472
0.0082217
0.0060514
0.003959
0.0019426
0
