0.0098318
0.012236
0.014731
0.01732
0.020006
0.02279
0.025676
0.028666
0.031762
0.034966
0.038281
0.041708
0.045251
0.04891
0.052687
0.056585
0.060604
0.064735
0.068971
0.073306
0.077736
0.082255
0.086854
0.091526
0.096259
0.10104
0.10586
0.1107
0.11555
0.12037
0.12517
0.1299
0.13455
0.13909
0.14349
0.14772
0.15176
0.15558
0.15913
0.16241
0.16537
0.16799
0.17025
0.17212
0.17359
0.17465
0.17528
0.17548
0.17526
0.1746
0.17353
0.17206
0.1702
0.16797
0.16539
0.1625
0.15931
0.15586
0.15217
0.14827
0.14419
0.13995
0.13558
0.13112
0.12657
0.12196
0.11732
0.11266
0.10799
0.10334
0.098723
0.094141
0.089609
0.085139
0.080737
0.076411
0.072167
0.068021
0.063979
0.060042
0.056209
0.05248
0.048855
0.045333
0.041913
0.038595
0.035378
0.032259
0.029239
0.026315
0.023485
0.020749
0.018104
0.015548
0.01308
0.010698
0.0083989
0.0061818
0.0040444
0.0019845
0
