0.046944
0.050835
0.054875
0.059066
0.063414
0.067921
0.072593
0.077433
0.082444
0.087631
0.092997
0.098545
0.10428
0.1102
0.1163
0.12252
0.12886
0.13529
0.1418
0.14835
0.15493
0.16149
0.16802
0.17446
0.18078
0.18693
0.19287
0.19856
0.20393
0.20895
0.21356
0.21774
0.22143
0.2246
0.22723
0.22928
0.23076
0.23164
0.23194
0.23165
0.2308
0.22941
0.22749
0.22508
0.22223
0.21895
0.21529
0.21129
0.20698
0.20241
0.19761
0.19262
0.18746
0.18217
0.17678
0.17131
0.1658
0.16031
0.15487
0.14947
0.14413
0.13884
0.13361
0.12844
0.12334
0.11832
0.11337
0.1085
0.10371
0.099011
0.094398
0.089876
0.085447
0.081112
0.076872
0.07273
0.068685
0.064739
0.060892
0.057145
0.053497
0.049948
0.046498
0.043146
0.039891
0.036733
0.033671
0.030703
0.027828
0.025045
0.022352
0.019748
0.01723
0.014798
0.012449
0.010181
0.0079936
0.0058836
0.0038492
0.0018887
0
