0
0.0022074
0.0044987
0.0068763
0.0093425
0.011899
0.014549
0.017295
0.020137
0.02308
0.026124
0.029271
0.032524
0.035884
0.039352
0.042931
0.046622
0.050426
0.054343
0.058376
0.062524
0.066787
0.071167
0.075663
0.080275
0.085002
0.089843
0.094798
0.099865
0.10504
0.11033
0.11572
0.12121
0.12681
0.1325
0.13828
0.14415
0.15011
0.15615
0.16226
0.16845
0.1747
0.181
0.18736
0.19377
0.20022
0.20665
0.21274
0.21836
0.22342
0.22783
0.23149
0.23434
0.23629
0.2373
0.23734
0.23639
0.23447
0.23161
0.22787
0.22332
0.21804
0.21212
0.20567
0.19879
0.19156
0.18417
0.17688
0.16972
0.16268
0.15578
0.14901
0.14238
0.13589
0.12955
0.12335
0.1173
0.11139
0.10564
0.10003
0.094569
0.089258
0.084095
0.079079
0.074208
0.069482
0.0649
0.060458
0.056156
0.051991
0.047961
0.044063
0.040296
0.036656
0.033141
0.029748
0.026474
0.023316
0.020271
0.017337
0.014511
