0.074709
0.080626
0.086767
0.093139
0.099749
0.1066
0.11371
0.12106
0.12868
0.13657
0.14473
0.15316
0.16188
0.17089
0.18018
0.18978
0.19967
0.20986
0.22036
0.23117
0.24229
0.25372
0.26545
0.2775
0.28987
0.30253
0.31551
0.32879
0.34237
0.35625
0.37041
0.38486
0.39958
0.41439
0.41195
0.40479
0.39753
0.39017
0.3827
0.37514
0.3675
0.35977
0.35197
0.34411
0.33618
0.32821
0.3202
0.31215
0.30407
0.29598
0.28788
0.27978
0.27169
0.26361
0.25556
0.24755
0.23958
0.23165
0.22379
0.21599
0.20827
0.20062
0.19306
0.18559
0.17823
0.17097
0.16382
0.15678
0.14986
0.14307
0.13641
0.12987
0.12347
0.11721
0.11108
0.10509
0.09925
0.093548
0.08799
0.082575
0.077303
0.072175
0.067189
0.062345
0.057643
0.05308
0.048654
0.044366
0.040212
0.03619
0.032299
0.028535
0.024898
0.021383
0.017989
0.014712
0.011551
0.0085018
0.0055622
0.0027292
0
