0
0.0050248
0.010241
0.015653
0.021266
0.027087
0.033119
0.039368
0.045839
0.052537
0.059466
0.06663
0.074035
0.081683
0.089579
0.097726
0.10613
0.11479
0.1237
0.13288
0.14232
0.15203
0.162
0.17223
0.18273
0.19349
0.20451
0.21579
0.22732
0.23911
0.25114
0.26341
0.27592
0.28865
0.3016
0.31477
0.32814
0.3417
0.35545
0.36936
0.38344
0.39767
0.41202
0.4265
0.44109
0.45577
0.47053
0.48535
0.50021
0.51511
0.53002
0.54416
0.52864
0.51309
0.49759
0.48215
0.4668
0.45154
0.4364
0.42138
0.4065
0.39178
0.37722
0.36284
0.34865
0.33467
0.3209
0.30735
0.29403
0.28095
0.26811
0.25553
0.2432
0.23114
0.21934
0.20781
0.19656
0.18558
0.17487
0.16444
0.15429
0.14441
0.13481
0.12548
0.11643
0.10764
0.099118
0.090859
0.082859
0.075114
0.06762
0.060372
0.053367
0.046598
0.040061
0.033752
0.027663
0.021791
0.01613
0.010674
0.0054185
