0.048755
0.052005
0.055364
0.058829
0.062398
0.066068
0.069835
0.073694
0.077639
0.081662
0.085753
0.089901
0.094095
0.098318
0.10256
0.10679
0.111
0.11516
0.11925
0.12325
0.12713
0.13086
0.13442
0.13778
0.14092
0.14382
0.14644
0.14878
0.15081
0.15253
0.15392
0.15497
0.15569
0.15607
0.15612
0.15585
0.15526
0.15437
0.15319
0.15174
0.15004
0.1481
0.14595
0.1436
0.14108
0.13839
0.13556
0.13261
0.12955
0.1264
0.12318
0.11989
0.11654
0.11317
0.10976
0.10634
0.10291
0.099508
0.09613
0.09278
0.089461
0.086177
0.08293
0.079723
0.076558
0.073439
0.070367
0.067345
0.064374
0.061456
0.058593
0.055786
0.053037
0.050346
0.047715
0.045144
0.042633
0.040184
0.037796
0.03547
0.033206
0.031003
0.028861
0.026781
0.024761
0.0228
0.0209
0.019057
0.017273
0.015546
0.013874
0.012257
0.010695
0.0091851
0.0077271
0.0063197
0.0049617
0.003652
0.0023892
0.0011723
0
