0.0027599
0.0052164
0.0077664
0.010412
0.013157
0.016002
0.018951
0.022006
0.02517
0.028444
0.031832
0.035334
0.038954
0.042693
0.046553
0.050536
0.054643
0.058876
0.063236
0.067723
0.072339
0.077084
0.081958
0.086962
0.092094
0.097354
0.10274
0.10826
0.11389
0.11966
0.12554
0.13154
0.13765
0.14388
0.15021
0.15664
0.16318
0.16981
0.17653
0.18333
0.18998
0.19628
0.20214
0.20748
0.21221
0.21623
0.21947
0.22186
0.22336
0.22392
0.22355
0.22224
0.22003
0.21698
0.21314
0.20859
0.20343
0.19773
0.19159
0.18509
0.17847
0.17192
0.16544
0.15904
0.15273
0.14651
0.14038
0.13435
0.12842
0.1226
0.11689
0.11129
0.10581
0.10044
0.09519
0.09006
0.085052
0.080166
0.075402
0.070762
0.066244
0.06185
0.057577
0.053427
0.049397
0.045486
0.041694
0.038019
0.034459
0.031013
0.027678
0.024453
0.021336
0.018324
0.015415
0.012608
0.0098984
0.0072855
0.0047665
0.0023388
0
