0.077046
0.083018
0.089217
0.095649
0.10232
0.10924
0.11641
0.12383
0.13152
0.13948
0.14772
0.15623
0.16503
0.17412
0.18351
0.19319
0.20317
0.21346
0.22406
0.23497
0.24619
0.25772
0.26957
0.28174
0.29421
0.307
0.3201
0.3335
0.34721
0.36121
0.37551
0.38832
0.39731
0.40199
0.40218
0.39807
0.39106
0.38381
0.37647
0.36903
0.36151
0.35391
0.34624
0.3385
0.33071
0.32287
0.31498
0.30706
0.29912
0.29116
0.28319
0.27522
0.26726
0.25932
0.2514
0.24352
0.23568
0.22788
0.22015
0.21247
0.20487
0.19735
0.18992
0.18257
0.17533
0.16818
0.16115
0.15423
0.14742
0.14074
0.13418
0.12776
0.12146
0.1153
0.10927
0.10338
0.097634
0.092025
0.086557
0.08123
0.076044
0.070999
0.066095
0.06133
0.056704
0.052215
0.047862
0.043643
0.039557
0.035601
0.031773
0.028071
0.024492
0.021035
0.017696
0.014473
0.011363
0.0083633
0.0054716
0.0026848
0
