0
0.0010729
0.0021866
0.0033422
0.0045409
0.0057836
0.0070717
0.008406
0.0097877
0.011218
0.012697
0.014227
0.015808
0.017441
0.019127
0.020867
0.02266
0.024509
0.026413
0.028373
0.030389
0.032462
0.03459
0.036776
0.039017
0.041315
0.043668
0.046076
0.048539
0.051055
0.053624
0.056244
0.058914
0.061633
0.064399
0.06721
0.070065
0.072961
0.075896
0.078867
0.081873
0.08491
0.087969
0.091008
0.094005
0.096946
0.099814
0.10259
0.10525
0.10778
0.11015
0.11234
0.11433
0.1161
0.11762
0.11888
0.11985
0.12051
0.12087
0.1209
0.1206
0.11997
0.11902
0.11775
0.11617
0.11431
0.11217
0.10979
0.10718
0.10438
0.10141
0.098287
0.095051
0.091723
0.088325
0.084882
0.081412
0.077936
0.07447
0.071028
0.067624
0.064269
0.060995
0.057814
0.054725
0.051728
0.048822
0.046005
0.043277
0.040636
0.03808
0.035608
0.033219
0.030911
0.028681
0.02653
0.024453
0.022451
0.02052
0.018659
0.016867
