0.062579
0.066797
0.071137
0.075596
0.08017
0.084856
0.089648
0.09454
0.099524
0.10459
0.10973
0.11493
0.12018
0.12547
0.13077
0.13607
0.14135
0.14659
0.15176
0.15685
0.16183
0.16667
0.17136
0.17585
0.18014
0.18419
0.18798
0.19148
0.19469
0.19757
0.20011
0.2023
0.20413
0.20558
0.20665
0.20735
0.20766
0.2076
0.20717
0.20638
0.20523
0.20375
0.20194
0.19983
0.19742
0.19475
0.19182
0.18865
0.18527
0.18169
0.17794
0.17402
0.16997
0.16579
0.16151
0.15714
0.15269
0.14819
0.14364
0.13906
0.13446
0.12985
0.12524
0.12065
0.11608
0.11155
0.10705
0.10259
0.098191
0.093849
0.089569
0.085359
0.08122
0.077158
0.073175
0.069274
0.065458
0.061728
0.058085
0.054532
0.051068
0.047695
0.044413
0.041221
0.03812
0.035109
0.032187
0.029354
0.026609
0.02395
0.021377
0.018887
0.01648
0.014154
0.011907
0.0097386
0.0076459
0.0056276
0.0036818
0.0018066
0
