0
0.0014243
0.0029027
0.0044367
0.0060279
0.0076777
0.0093876
0.011159
0.012993
0.014891
0.016855
0.018886
0.020985
0.023153
0.025391
0.0277
0.030082
0.032536
0.035063
0.037665
0.040341
0.043092
0.045918
0.048819
0.051795
0.054845
0.057969
0.061165
0.064435
0.067775
0.071185
0.074663
0.078208
0.081817
0.085489
0.089221
0.09301
0.096855
0.10075
0.1047
0.10869
0.11272
0.11679
0.12089
0.12503
0.12919
0.13337
0.13757
0.14178
0.14601
0.15023
0.15435
0.15816
0.16158
0.16455
0.16702
0.16892
0.17021
0.17084
0.17079
0.17005
0.16862
0.16653
0.1638
0.16048
0.15665
0.15235
0.14767
0.14266
0.13742
0.13199
0.1266
0.12132
0.11615
0.11109
0.10615
0.10133
0.096621
0.092033
0.087564
0.083213
0.078981
0.074866
0.070869
0.066987
0.063221
0.059569
0.05603
0.052601
0.049282
0.04607
0.042964
0.039962
0.037061
0.03426
0.031556
0.028947
0.02643
0.024004
0.021666
0.019414
