0.0043547
0.0076026
0.010974
0.014472
0.018101
0.021863
0.025762
0.029802
0.033985
0.038314
0.042792
0.047423
0.052209
0.057153
0.062257
0.067523
0.072954
0.07855
0.084315
0.090248
0.096351
0.10262
0.10907
0.11568
0.12247
0.12942
0.13655
0.14384
0.15129
0.15891
0.16669
0.17462
0.1827
0.19093
0.19931
0.20782
0.21646
0.22523
0.23411
0.24311
0.25221
0.2614
0.27068
0.28004
0.28947
0.29896
0.3085
0.31747
0.32295
0.32418
0.32107
0.31391
0.30483
0.29578
0.28674
0.27775
0.26881
0.25992
0.25109
0.24234
0.23367
0.2251
0.21661
0.20824
0.19997
0.19183
0.1838
0.17591
0.16815
0.16053
0.15305
0.14572
0.13853
0.13151
0.12463
0.11792
0.11136
0.10496
0.098725
0.092649
0.086734
0.08098
0.075386
0.069952
0.064675
0.059555
0.05459
0.049779
0.045118
0.040605
0.036239
0.032017
0.027935
0.023992
0.020183
0.016507
0.01296
0.009539
0.0062408
0.0030622
0
