0.00068564
0.0044645
0.008387
0.012457
0.016679
0.021056
0.025593
0.030292
0.035159
0.040195
0.045406
0.050794
0.056362
0.062114
0.068052
0.074179
0.080497
0.087009
0.093715
0.10062
0.10772
0.11502
0.12252
0.13021
0.13811
0.1462
0.15449
0.16297
0.17164
0.1805
0.18955
0.19878
0.20818
0.21776
0.2275
0.23741
0.24746
0.25766
0.268
0.27846
0.28905
0.29975
0.31054
0.32143
0.3324
0.34344
0.35454
0.36568
0.37686
0.38807
0.39294
0.38438
0.37327
0.36217
0.35111
0.3401
0.32915
0.31826
0.30746
0.29674
0.28613
0.27563
0.26524
0.25498
0.24486
0.23489
0.22506
0.2154
0.20589
0.19656
0.1874
0.17843
0.16963
0.16103
0.15261
0.14439
0.13636
0.12852
0.12089
0.11345
0.1062
0.099159
0.092309
0.085655
0.079194
0.072925
0.066845
0.060953
0.055246
0.049721
0.044374
0.039204
0.034206
0.029377
0.024714
0.020213
0.015869
0.01168
0.0076417
0.0037496
0
