0.0017857
0.0042263
0.0067597
0.0093885
0.012115
0.014942
0.017872
0.020907
0.024051
0.027304
0.030669
0.034149
0.037745
0.04146
0.045295
0.049253
0.053333
0.057539
0.06187
0.066328
0.070914
0.075629
0.080471
0.085442
0.090541
0.095767
0.10112
0.1066
0.1122
0.11792
0.12377
0.12973
0.1358
0.14199
0.14828
0.15467
0.16117
0.16776
0.17443
0.18119
0.18803
0.19494
0.20191
0.20873
0.2149
0.22029
0.22477
0.2282
0.23051
0.23161
0.23148
0.23013
0.22759
0.22394
0.21929
0.21377
0.20749
0.20069
0.19388
0.18712
0.18043
0.17381
0.16726
0.16079
0.15441
0.14812
0.14192
0.13582
0.12983
0.12395
0.11817
0.11251
0.10697
0.10154
0.096234
0.091048
0.085985
0.081045
0.076229
0.071538
0.066971
0.062528
0.058209
0.054013
0.049938
0.045985
0.042151
0.038436
0.034837
0.031353
0.027982
0.024721
0.02157
0.018525
0.015584
0.012746
0.010007
0.0073654
0.0048187
0.0023644
0
