0.12604
0.13412
0.1425
0.1512
0.16022
0.16958
0.17927
0.18932
0.19972
0.21048
0.22162
0.23313
0.24503
0.25732
0.27001
0.28311
0.29661
0.31053
0.32486
0.33961
0.35479
0.37039
0.38641
0.40286
0.41973
0.43702
0.45365
0.45342
0.44722
0.4409
0.43443
0.42784
0.42113
0.41429
0.40733
0.40026
0.39308
0.3858
0.37841
0.37094
0.36338
0.35574
0.34803
0.34025
0.33242
0.32454
0.31661
0.30865
0.30067
0.29267
0.28466
0.27665
0.26865
0.26066
0.2527
0.24478
0.23689
0.22906
0.22128
0.21357
0.20593
0.19837
0.1909
0.18352
0.17623
0.16905
0.16198
0.15502
0.14818
0.14147
0.13488
0.12842
0.12209
0.11589
0.10984
0.10392
0.098139
0.092501
0.087004
0.08165
0.076437
0.071366
0.066437
0.061647
0.056997
0.052485
0.04811
0.043869
0.039761
0.035785
0.031937
0.028216
0.024619
0.021143
0.017787
0.014547
0.011421
0.0084065
0.0054999
0.0026986
0
