0.08302
0.088713
0.094623
0.10076
0.10712
0.11371
0.12055
0.12763
0.13496
0.14255
0.1504
0.15852
0.1669
0.17557
0.18452
0.19365
0.20285
0.21207
0.22126
0.23035
0.23926
0.24794
0.25629
0.26424
0.2717
0.27859
0.28484
0.29037
0.29514
0.29908
0.30216
0.30436
0.30568
0.30612
0.30571
0.30447
0.30245
0.29969
0.29627
0.29223
0.28764
0.28257
0.27707
0.2712
0.26503
0.25874
0.25242
0.24608
0.23971
0.23333
0.22695
0.22056
0.21418
0.20782
0.20147
0.19515
0.18887
0.18262
0.17642
0.17028
0.16418
0.15816
0.1522
0.14631
0.14051
0.13478
0.12914
0.1236
0.11814
0.11279
0.10753
0.10238
0.097337
0.092399
0.087569
0.082851
0.078243
0.073748
0.069366
0.065097
0.060941
0.056898
0.052968
0.04915
0.045442
0.041845
0.038356
0.034976
0.031701
0.02853
0.025462
0.022496
0.019628
0.016857
0.014181
0.011598
0.009106
0.0067023
0.0043849
0.0021515
0
