0.04924
0.053891
0.058719
0.063729
0.068925
0.074312
0.079896
0.08568
0.09167
0.097869
0.10428
0.11091
0.11777
0.12485
0.13216
0.1397
0.14747
0.15549
0.16374
0.17224
0.18098
0.18996
0.19919
0.20866
0.21838
0.22834
0.23854
0.24898
0.25965
0.27056
0.2817
0.29305
0.30463
0.31642
0.32841
0.34059
0.35297
0.36107
0.35761
0.35055
0.34341
0.33619
0.3289
0.32155
0.31415
0.3067
0.29921
0.29169
0.28414
0.27658
0.26901
0.26144
0.25388
0.24633
0.23881
0.23132
0.22387
0.21647
0.20912
0.20183
0.19461
0.18747
0.18041
0.17343
0.16655
0.15976
0.15308
0.1465
0.14004
0.13369
0.12746
0.12136
0.11538
0.10952
0.1038
0.098206
0.092744
0.087416
0.082222
0.077162
0.072236
0.067444
0.062785
0.058259
0.053864
0.0496
0.045465
0.041458
0.037576
0.033818
0.030181
0.026665
0.023266
0.019981
0.016809
0.013748
0.010794
0.0079445
0.0051976
0.0025503
0
