0.042396
0.048008
0.053834
0.059879
0.066149
0.072649
0.079387
0.086367
0.093594
0.10107
0.10881
0.11682
0.12509
0.13363
0.14245
0.15155
0.16093
0.1706
0.18056
0.19081
0.20136
0.2122
0.22333
0.23476
0.24649
0.25851
0.27082
0.28341
0.2963
0.30946
0.32289
0.3366
0.35057
0.36479
0.37926
0.39397
0.4089
0.42405
0.43917
0.45216
0.46207
0.4685
0.47117
0.47003
0.46522
0.45704
0.44624
0.43502
0.42377
0.41249
0.4012
0.38991
0.37864
0.36738
0.35617
0.345
0.33389
0.32284
0.31188
0.30102
0.29025
0.27959
0.26906
0.25865
0.24839
0.23827
0.2283
0.2185
0.20886
0.19939
0.1901
0.18099
0.17207
0.16334
0.15481
0.14646
0.13832
0.13037
0.12263
0.11508
0.10773
0.10059
0.093638
0.086888
0.080334
0.073974
0.067807
0.06183
0.056041
0.050436
0.045013
0.039768
0.034698
0.0298
0.02507
0.020504
0.016098
0.011848
0.0077517
0.0038035
0
