0.0045666
0.0055799
0.0066311
0.0077206
0.0088493
0.010018
0.011227
0.012477
0.013768
0.015101
0.016475
0.017891
0.019349
0.020848
0.022387
0.023966
0.025583
0.027237
0.028925
0.030647
0.032399
0.034177
0.035979
0.037801
0.039637
0.041483
0.043333
0.04518
0.047019
0.048841
0.050638
0.052402
0.054124
0.055794
0.057404
0.058943
0.060401
0.061768
0.063035
0.064192
0.065231
0.066144
0.066923
0.067562
0.068056
0.068401
0.068595
0.068637
0.068526
0.068265
0.067856
0.067303
0.066612
0.065789
0.064842
0.063778
0.062605
0.061333
0.059972
0.058529
0.057014
0.055438
0.053808
0.052133
0.050422
0.048682
0.046921
0.045146
0.043363
0.041579
0.039798
0.038026
0.036267
0.034526
0.032804
0.031107
0.029437
0.027796
0.026185
0.024608
0.023065
0.021558
0.020087
0.018654
0.017258
0.015901
0.014582
0.013301
0.012059
0.010854
0.0096876
0.0085589
0.0074678
0.0064136
0.0053955
0.0044128
0.0034646
0.00255
0.0016683
0.00081859
0
