0.0098317
0.011321
0.012868
0.014473
0.016137
0.017863
0.019651
0.021504
0.023423
0.025409
0.027463
0.029587
0.031782
0.03405
0.036391
0.038807
0.041298
0.043865
0.046509
0.04923
0.05203
0.054907
0.057863
0.060898
0.063989
0.067113
0.070259
0.073414
0.076563
0.079692
0.08278
0.085809
0.088758
0.091604
0.094324
0.096893
0.099289
0.10149
0.10346
0.1052
0.10667
0.10786
0.10877
0.10937
0.10967
0.10966
0.10935
0.10874
0.10785
0.10668
0.10526
0.10361
0.10173
0.099662
0.097419
0.095025
0.0925
0.089866
0.087143
0.084349
0.081501
0.078616
0.075707
0.07279
0.069901
0.067053
0.064248
0.061488
0.058776
0.056112
0.053498
0.050935
0.048425
0.045968
0.043565
0.041218
0.038926
0.036689
0.034509
0.032385
0.030318
0.028307
0.026351
0.024452
0.022607
0.020818
0.019082
0.0174
0.015771
0.014194
0.012667
0.011191
0.0097647
0.0083863
0.0070551
0.0057701
0.0045302
0.0033344
0.0021815
0.0010704
0
