0
0.0033075
0.0067408
0.010303
0.013999
0.01783
0.0218
0.025914
0.030173
0.034582
0.039143
0.043859
0.048733
0.053767
0.058965
0.064327
0.069857
0.075557
0.081427
0.087469
0.093684
0.10007
0.10664
0.11337
0.12028
0.12736
0.13462
0.14204
0.14963
0.15739
0.16531
0.17339
0.18162
0.19
0.19853
0.2072
0.216
0.22492
0.23397
0.24313
0.2524
0.26176
0.27121
0.28074
0.29034
0.30001
0.30972
0.31947
0.32926
0.33907
0.34888
0.3587
0.36851
0.37829
0.38805
0.39776
0.40742
0.41702
0.42656
0.43601
0.44537
0.45464
0.4638
0.47284
0.48177
0.49057
0.49924
0.50777
0.51615
0.52438
0.53246
0.54038
0.54813
0.55572
0.56315
0.5704
0.57749
0.5844
0.59113
0.59769
0.60408
0.59362
0.56905
0.54517
0.52199
0.49949
0.47768
0.45654
0.43606
0.41623
0.39705
0.3785
0.36057
0.34324
0.32651
0.31036
0.29477
0.27974
0.26525
0.25129
0.23783
