0
0.0028052
0.0057171
0.0087385
0.011873
0.015122
0.01849
0.021978
0.025591
0.02933
0.033198
0.037198
0.041332
0.045601
0.05001
0.054558
0.059248
0.064082
0.06906
0.074185
0.079456
0.084874
0.09044
0.096154
0.10201
0.10802
0.11417
0.12047
0.12691
0.13349
0.1402
0.14706
0.15404
0.16115
0.16838
0.17573
0.18319
0.19076
0.19844
0.20621
0.21407
0.22201
0.23002
0.23811
0.24625
0.25444
0.26268
0.27096
0.27925
0.28757
0.2959
0.30422
0.31254
0.32084
0.32911
0.33735
0.34552
0.34167
0.33083
0.32008
0.30943
0.2989
0.28848
0.27819
0.26804
0.25803
0.24817
0.23848
0.22895
0.21958
0.2104
0.20139
0.19257
0.18394
0.1755
0.16725
0.15919
0.15134
0.14367
0.13621
0.12895
0.12188
0.11501
0.10833
0.10185
0.095563
0.089464
0.083554
0.077829
0.072286
0.066923
0.061737
0.056723
0.05188
0.047202
0.042686
0.038329
0.034127
0.030076
0.026172
0.022411
